# waiting 600 s for thermal settle - press any key to skip
# warm 0 s
# ----------------------------------------------------------
# label,B1_ac_running
# mode,single
# n,16384
# fs_hz,1999.8777
# span_s,8.192001
# mean_code,1870.0245
# sd_code,958.9047
# min_code,511
# max_code,3259
# mean_volts,1.506979
# sd_millivolts,772.7437
# adc,12bit_default_11dB_attenuation
# conv,linear_3.3_over_4095
# ----------------------------------------------------------
2515
2317
2113
1911
1714
1513
1314
1122
951
810
691
594
551
525
528
572
638
747
876
1043
1223
1414
1617
1823
2016
2224
2416
2608
2773
2927
3053
3163
3223
3251
3249
3206
3120
2993
2857
2679
2515
2315
2117
1914
1715
1511
1314
1123
955
807
688
597
554
528
528
567
638
741
869
1046
1222
1416
1617
1822
2015
2222
2414
2609
2772
2926
3054
3161
3227
3252
3252
3198
3120
2992
2861
2686
2515
2314
2118
1910
1715
1511
1310
1122
951
811
685
596
549
527
527
571
636
743
871
1045
1222
1417
1619
1821
2015
2219
2416
2608
2773
2928
3056
3165
3222
3258
3253
3201
3120
2992
2861
2684
2512
2314
2116
1908
1714
1510
1312
1125
955
809
688
594
553
527
527
566
634
748
868
1045
1222
1414
1618
1822
2017
2224
2416
2608
2773
2928
3056
3166
3223
3253
3250
3202
3120
2994
2857
2681
2512
2314
2118
1908
1718
1510
1314
1123
951
809
687
598
550
528
528
566
639
746
869
1044
1225
1412
1615
1823
2017
2222
2416
2608
2771
2926
3055
3163
3222
3251
3249
3203
3120
2992
2859
2684
2512
2317
2113
1907
1715
1509
1311
1121
951
808
688
594
547
528
525
569
637
745
873
1043
1221
1415
1616
1821
2016
2222
2415
2608
2769
2928
3056
3166
3221
3253
3248
3201
3120
2992
2864
2679
2512
2314
2118
1909
1714
1514
1313
1126
948
810
688
597
549
526
527
574
634
748
871
1045
1223
1413
1619
1822
2017
2223
2416
2608
2772
2925
3055
3164
3225
3251
3249
3200
3122
2993
2860
2683
2514
2318
2114
1911
1713
1509
1311
1122
951
813
688
593
546
528
528
571
637
742
874
1041
1223
1415
1616
1823
2018
2222
2415
2607
2771
2928
3055
3164
3222
3254
3249
3203
3121
2995
2862
2687
2514
2314
2117
1908
1716
1510
1314
1123
951
809
686
598
548
528
528
567
633
747
869
1046
1225
1414
1621
1821
2016
2223
2415
2608
2771
2927
3053
3164
3223
3250
3251
3201
3120
2992
2857
2683
2518
2314
2118
1911
1714
1510
1310
1121
953
809
688
593
550
527
527
571
638
746
867
1042
1227
1415
1618
1823
2014
2223
2417
2606
2773
2927
3055
3163
3226
3255
3253
3202
3120
2993
2859
2685
2515
2313
2116
1911
1717
1509
1310
1123
950
807
690
595
553
528
528
571
635
747
868
1043
1222
1418
1618
1822
2014
2224
2416
2610
2772
2928
3055
3163
3223
3254
3249
3200
3120
2993
2863
2685
2514
2314
2115
1907
1716
1510
1312
1121
951
806
688
595
550
528
528
567
635
743
871
1043
1221
1414
1617
1822
2018
2223
2416
2607
2769
2925
3056
3163
3223
3257
3249
3200
3118
2992
2862
2685
2513
2314
2114
1908
1714
1507
1311
1123
950
810
690
594
554
527
528
567
635
745
871
1047
1219
1415
1619
1819
2014
2220
2416
2607
2773
2927
3056
3165
3226
3251
3251
3201
3120
2992
2861
2689
2515
2318
2118
1911
1715
1508
1311
1122
948
809
690
594
553
525
526
567
635
741
871
1047
1227
1418
1617
1823
2016
2224
2414
2608
2771
2923
3055
3161
3221
3251
3251
3202
3120
2993
2857
2683
2515
2311
2117
1910
1713
1511
1310
1122
951
807
688
595
549
528
528
569
635
745
871
1045
1221
1410
1616
1821
2015
2222
2416
2608
2771
2923
3055
3163
3226
3251
3248
3202
3120
2994
2859
2684
2513
2314
2114
1906
1718
1510
1314
1123
951
809
687
597
551
527
529
569
636
746
874
1043
1221
1415
1622
1824
2015
2220
2416
2608
2773
2927
3056
3166
3223
3257
3250
3202
3120
2992
2862
2685
2514
2314
2115
1910
1713
1507
1311
1123
950
812
687
595
551
525
528
571
636
743
875
1046
1222
1413
1620
1824
2015
2223
2415
2608
2768
2927
3058
3165
3226
3254
3253
3202
3120
2993
2859
2682
2512
2315
2116
1909
1715
1510
1314
1124
954
812
688
594
548
525
528
566
635
746
871
1043
1223
1418
1616
1822
2017
2221
2414
2607
2770
2928
3056
3163
3223
3255
3250
3201
3120
2993
2863
2685
2514
2313
2117
1914
1715
1510
1313
1124
950
810
688
593
549
527
528
567
639
746
868
1041
1220
1413
1619
1824
2014
2220
2414
2605
2771
2926
3055
3164
3223
3253
3250
3200
3120
2992
2857
2679
2512
2313
2114
1907
1714
1509
1311
1122
949
811
686
596
549
528
527
570
637
742
870
1045
1219
1415
1618
1823
2016
2220
2416
2608
2774
2923
3055
3164
3221
3255
3248
3203
3120
2992
2858
2681
2513
2317
2122
1908
1714
1510
1312
1120
949
805
688
594
550
526
533
567
638
742
870
1045
1220
1413
1616
1820
2017
2221
2416
2608
2775
2927
3055
3167
3221
3254
3251
3204
3123
2992
2862
2686
2513
2313
2115
1909
1716
1510
1310
1121
954
807
689
597
549
526
528
571
636
748
869
1045
1223
1414
1616
1822
2015
2223
2419
2609
2770
2925
3055
3165
3222
3254
3250
3201
3121
2992
2858
2686
2515
2316
2115
1911
1715
1509
1315
1125
951
807
688
593
550
528
528
564
635
743
869
1041
1226
1418
1619
1823
2017
2222
2416
2608
2773
2927
3056
3163
3223
3251
3255
3203
3120
2994
2864
2687
2514
2315
2115
1906
1715
1511
1313
1120
953
811
688
595
551
527
530
566
636
745
867
1043
1225
1418
1617
1819
2016
2223
2413
2605
2771
2926
3056
3165
3223
3253
3251
3202
3125
2992
2861
2688
2513
2313
2113
1908
1714
1509
1311
1122
949
807
688
596
550
511
527
570
636
746
867
1043
1222
1414
1617
1822
2016
2224
2416
2608
2774
2928
3056
3165
3226
3257
3249
3202
3120
2992
2862
2687
2514
2314
2116
1910
1717
1511
1313
1121
950
809
684
595
550
527
528
571
634
743
871
1045
1223
1414
1617
1823
2012
2220
2416
2606
2771
2925
3055
3162
3219
3253
3251
3200
3120
2992
2863
2683
2513
2313
2115
1906
1716
1507
1313
1123
950
806
688
595
550
526
528
567
637
742
872
1043
1221
1414
1617
1823
2017
2224
2416
2608
2771
2927
3056
3167
3225
3253
3250
3204
3121
2992
2862
2685
2516
2315
2117
1907
1718
1509
1311
1123
950
810
688
596
549
528
528
570
636
745
869
1044
1222
1413
1616
1821
2014
2220
2415
2606
2769
2925
3055
3162
3223
3251
3248
3202
3120
2993
2861
2683
2515
2313
2115
1907
1714
1508
1313
1123
950
807
688
594
550
528
528
570
635
745
871
1044
1221
1415
1618
1821
2013
2221
2415
2608
2771
2926
3056
3162
3223
3251
3254
3201
3123
2992
2859
2685
2513
2313
2117
1906
1715
1511
1311
1122
950
806
688
597
554
526
526
566
633
748
871
1041
1225
1415
1619
1824
2018
2220
2416
2608
2774
2925
3056
3165
3225
3252
3254
3201
3122
2992
2862
2686
2515
2315
2115
1909
1719
1507
1316
1123
954
806
688
594
549
527
527
567
635
746
870
1044
1219
1414
1619
1822
2017
2222
2416
2608
2771
2926
3056
3167
3226
3254
3253
3200
3120
2992
2860
2682
2513
2314
2121
1911
1713
1508
1310
1122
951
807
687
595
554
525
527
568
635
743
871
1042
1224
1415
1617
1821
2014
2219
2414
2606
2774
2927
3057
3163
3223
3254
3248
3200
3120
2993
2862
2684
2512
2318
2115
1909
1716
1513
1311
1122
950
807
688
597
551
527
528
567
637
747
871
1043
1225
1417
1617
1823
2014
2221
2415
2608
2775
2928
3056
3165
3225
3255
3251
3203
3120
2992
2861
2687
2515
2315
2115
1910
1715
1511
1310
1121
949
807
686
598
546
526
527
570
633
745
868
1043
1226
1415
1619
1822
2013
2220
2415
2608
2771
2926
3056
3163
3224
3253
3251
3200
3120
2995
2859
2681
2517
2313
2116
1909
1715
1507
1311
1119
950
809
688
595
547
526
528
568
634
746
868
1041
1223
1417
1616
1823
2016
2221
2415
2605
2771
2922
3056
3165
3220
3254
3250
3199
3120
2992
2858
2685
2516
2314
2117
1909
1715
1513
1313
1125
954
807
688
595
551
527
528
569
632
746
869
1041
1221
1414
1617
1822
2015
2221
2414
2607
2775
2925
3053
3162
3222
3251
3250
3201
3122
2993
2859
2682
2515
2318
2117
1909
1718
1511
1315
1124
947
806
688
595
552
525
528
571
635
746
867
1042
1221
1415
1617
1819
2015
2220
2415
2608
2770
2926
3056
3164
3222
3251
3249
3203
3120
2992
2859
2683
2512
2313
2114
1907
1712
1510
1312
1123
954
805
688
596
549
527
528
569
635
748
870
1045
1221
1415
1618
1822
2017
2221
2415
2606
2769
2926
3056
3166
3223
3254
3250
3202
3119
2992
2858
2684
2512
2315
2117
1907
1714
1509
1310
1121
951
810
688
593
550
525
528
571
637
746
869
1045
1222
1415
1620
1823
2015
2219
2414
2608
2773
2927
3056
3167
3222
3257
3251
3203
3121
2993
2863
2683
2513
2313
2115
1911
1715
1508
1311
1122
951
809
688
595
551
525
528
566
635
745
870
1042
1219
1415
1616
1822
2017
2220
2416
2607
2774
2928
3057
3162
3222
3253
3250
3201
3120
2993
2861
2683
2517
2315
2114
1909
1715
1507
1313
1123
953
806
688
596
549
528
528
567
635
744
870
1045
1219
1417
1618
1821
2015
2221
2414
2606
2771
2928
3056
3165
3220
3258
3251
3204
3120
2992
2861
2686
2512
2316
2114
1909
1717
1510
1314
1120
949
806
687
592
550
527
528
567
634
746
869
1041
1222
1413
1618
1823
2015
2223
2416
2608
2773
2926
3057
3165
3222
3251
3250
3200
3120
2992
2861
2683
2517
2314
2118
1911
1717
1509
1312
1123
948
807
687
596
552
525
528
570
631
746
870
1042
1220
1414
1619
1821
2015
2221
2416
2607
2771
2923
3055
3162
3221
3254
3250
3203
3120
2992
2858
2683
2516
2315
2116
1906
1713
1507
1315
1121
949
805
688
594
547
527
528
571
637
743
869
1040
1221
1413
1616
1821
2016
2219
2416
2608
2770
2923
3056
3165
3223
3252
3249
3201
3120
2992
2858
2683
2513
2311
2117
1909
1714
1511
1311
1122
949
805
688
596
549
527
528
569
634
747
871
1043
1225
1414
1616
1819
2015
2220
2416
2608
2771
2925
3054
3162
3219
3253
3253
3204
3120
2993
2861
2683
2513
2315
2118
1906
1715
1509
1311
1123
952
808
688
595
547
525
527
570
633
746
870
1044
1221
1417
1616
1819
2013
2224
2416
2608
2772
2927
3056
3166
3218
3254
3248
3202
3120
2992
2861
2683
2514
2313
2115
1909
1713
1509
1310
1121
949
806
687
595
547
525
528
567
633
743
866
1046
1225
1417
1616
1827
2015
2219
2416
2606
2770
2925
3056
3163
3220
3251
3250
3200
3120
2993
2862
2681
2513
2314
2114
1910
1713
1511
1309
1123
953
807
687
595
547
528
528
566
633
741
870
1043
1219
1413
1616
1819
2013
2219
2414
2608
2771
2926
3056
3162
3226
3257
3250
3207
3120
2992
2861
2685
2513
2311
2115
1905
1714
1507
1311
1121
950
806
687
594
547
526
528
571
638
746
871
1045
1217
1415
1618
1819
2015
2219
2416
2604
2774
2927
3057
3158
3219
3250
3253
3197
3120
2992
2861
2678
2514
2314
2115
1909
1712
1510
1311
1124
950
810
688
598
549
527
526
569
636
743
869
1041
1220
1413
1616
1821
2014
2220
2414
2608
2770
2927
3055
3166
3225
3251
3248
3206
3120
2992
2861
2686
2515
2311
2117
1908
1713
1510
1308
1123
951
805
688
593
549
528
528
572
636
746
867
1044
1219
1415
1619
1817
2013
2219
2415
2608
2770
2922
3056
3163
3219
3251
3248
3201
3119
2992
2862
2682
2513
2311
2115
1913
1713
1510
1311
1123
955
806
688
597
549
526
528
567
635
743
871
1044
1221
1418
1616
1817
2011
2219
2416
2603
2768
2923
3056
3157
3220
3251
3249
3201
3119
2992
2859
2678
2512
2314
2115
1911
1713
1509
1309
1120
950
806
688
599
549
525
526
567
638
743
870
1047
1220
1413
1616
1819
2014
2219
2415
2607
2769
2926
3056
3162
3222
3252
3252
3203
3119
2992
2863
2688
2513
2315
2115
1911
1714
1507
1314
1121
951
807
688
597
545
526
528
566
636
743
867
1039
1221
1414
1616
1827
2014
2220
2416
2608
2771
2926
3056
3166
3224
3251
3249
3202
3120
2992
2859
2682
2514
2314
2117
1911
1717
1506
1312
1123
947
806
688
596
547
525
527
564
631
742
869
1043
1222
1414
1616
1820
2015
2220
2414
2608
2771
2923
3057
3160
3220
3251
3249
3203
3120
2992
2859
2682
2514
2313
2114
1912
1716
1511
1312
1122
947
808
687
594
547
527
528
565
637
746
869
1046
1222
1414
1616
1816
2011
2224
2416
2610
2772
2926
3056
3165
3222
3255
3253
3197
3121
2993
2859
2685
2515
2314
2117
1910
1714
1509
1313
1124
949
807
687
598
551
525
528
567
634
745
869
1043
1222
1411
1616
1817
2014
2219
2415
2605
2771
2922
3056
3173
3220
3253
3249
3200
3120
2992
2862
2682
2512
2315
2113
1909
1715
1509
1311
1119
951
809
688
597
548
526
528
567
635
747
869
1049
1217
1414
1616
1821
2014
2224
2413
2602
2771
2924
3054
3159
3219
3253
3249
3196
3120
2992
2858
2685
2514
2314
2115
1910
1714
1505
1314
1119
953
805
687
593
546
526
528
570
633
746
871
1042
1223
1414
1616
1820
2014
2222
2416
2608
2773
2926
3055
3162
3223
3251
3249
3201
3120
2992
2859
2688
2514
2313
2118
1911
1715
1506
1315
1118
955
806
687
596
550
525
528
566
633
746
869
1042
1221
1415
1616
1823
2015
2221
2414
2608
2771
2925
3056
3162
3227
3254
3252
3204
3119
2992
2858
2685
2514
2315
2113
1907
1715
1506
1310
1125
950
807
688
596
550
527
527
570
635
743
867
1042
1223
1415
1616
1823
2016
2221
2416
2606
2773
2925
3056
3162
3222
3253
3250
3205
3120
2994
2861
2685
2514
2315
2117
1905
1712
1509
1317
1122
954
806
688
597
549
525
527
569
635
745
869
1042
1222
1415
1616
1821
2015
2221
2416
2608
2771
2925
3055
3163
3222
3249
3250
3206
3121
2992
2862
2683
2512
2311
2115
1910
1713
1506
1312
1121
950
807
688
598
551
525
526
565
636
746
869
1042
1219
1411
1619
1819
2019
2221
2416
2605
2771
2922
3055
3163
3217
3253
3251
3199
3120
2992
2861
2686
2515
2313
2115
1911
1715
1513
1310
1122
951
807
687
592
547
527
528
565
634
743
867
1047
1222
1412
1618
1824
2014
2223
2416
2607
2770
2925
3056
3169
3222
3252
3251
3202
3120
2992
2859
2686
2515
2314
2117
1910
1715
1508
1312
1122
951
807
688
596
546
525
528
567
636
743
866
1042
1221
1414
1616
1824
2015
2221
2413
2605
2769
2925
3055
3167
3223
3254
3248
3200
3121
2992
2859
2682
2514
2314
2114
1907
1715
1510
1311
1118
950
809
688
595
548
526
527
572
634
743
867
1040
1222
1411
1619
1821
2013
2222
2413
2607
2771
2926
3057
3167
3219
3252
3251
3203
3119
2992
2859
2685
2516
2315
2116
1909
1715
1512
1310
1123
949
807
688
593
550
526
527
575
633
748
870
1043
1221
1415
1617
1818
2016
2222
2414
2605
2771
2926
3055
3167
3221
3254
3253
3202
3120
2992
2861
2685
2515
2314
2115
1909
1712
1509
1312
1118
952
807
687
593
551
528
527
566
634
742
869
1042
1223
1414
1619
1824
2015
2219
2415
2606
2770
2928
3056
3169
3222
3250
3251
3203
3120
2992
2859
2681
2514
2317
2115
1906
1715
1509
1315
1122
950
807
685
595
548
528
527
567
637
743
867
1041
1222
1415
1616
1819
2014
2221
2416
2608
2772
2921
3055
3166
3221
3251
3250
3199
3120
2992
2859
2685
2516
2315
2116
1911
1713
1511
1311
1119
950
809
688
597
551
526
530
567
640
745
867
1043
1221
1414
1616
1818
2014
2221
2414
2608
2770
2923
3055
3161
3221
3248
3248
3200
3120
2992
2860
2683
2513
2315
2118
1909
1715
1510
1314
1123
951
807
688
592
549
525
528
566
634
747
868
1044
1222
1413
1617
1821
2016
2218
2415
2608
2769
2925
3056
3163
3221
3250
3251
3206
3119
2989
2859
2683
2512
2311
2117
1907
1718
1511
1312
1121
951
805
688
597
549
528
528
569
638
741
871
1046
1219
1412
1617
1824
2014
2223
2415
2608
2772
2925
3055
3162
3219
3251
3248
3202
3120
2992
2857
2687
2513
2311
2114
1906
1715
1507
1313
1122
954
805
687
599
549
523
528
566
634
745
869
1041
1218
1413
1616
1821
2013
2221
2416
2608
2774
2925
3056
3166
3219
3253
3249
3200
3120
2994
2858
2683
2512
2310
2113
1909
1713
1506
1311
1123
950
803
687
598
546
527
527
572
635
745
869
1043
1221
1414
1616
1817
2014
2221
2416
2607
2773
2926
3056
3161
3221
3253
3248
3199
3120
2992
2863
2686
2516
2313
2115
1910
1714
1509
1314
1123
952
806
688
597
549
524
528
567
635
745
867
1043
1225
1414
1616
1822
2010
2220
2414
2604
2771
2927
3056
3166
3220
3250
3248
3201
3122
2992
2859
2679
2512
2309
2113
1906
1713
1511
1313
1120
954
807
687
596
552
527
527
567
634
743
871
1047
1219
1413
1616
1823
2011
2222
2413
2608
2773
2927
3056
3164
3222
3255
3250
3205
3120
2992
2860
2677
2512
2311
2114
1910
1713
1506
1311
1121
950
806
688
592
550
528
525
566
635
741
868
1045
1223
1411
1616
1818
2014
2222
2415
2606
2772
2922
3054
3158
3222
3253
3251
3200
3120
2992
2861
2683
2512
2315
2115
1909
1715
1508
1311
1124
951
805
688
597
550
528
528
567
631
741
867
1044
1220
1412
1617
1822
2017
2222
2415
2607
2771
2927
3054
3162
3223
3251
3251
3200
3119
2993
2860
2682
2513
2313
2117
1907
1712
1507
1313
1121
951
806
686
599
547
527
528
570
633
741
870
1041
1221
1413
1617
1819
2015
2220
2414
2607
2768
2922
3054
3164
3219
3251
3248
3200
3119
2992
2857
2675
2512
2311
2117
1904
1713
1507
1311
1123
949
807
688
594
545
523
527
571
635
743
869
1043
1223
1413
1619
1819
2015
2221
2416
2607
2773
2923
3056
3167
3223
3254
3249
3203
3119
2991
2860
2683
2515
2315
2114
1908
1712
1511
1310
1121
951
805
688
597
549
528
528
568
633
746
869
1040
1220
1415
1618
1822
2013
2224
2415
2607
2770
2925
3056
3163
3223
3254
3251
3205
3120
2992
2857
2683
2513
2317
2117
1907
1714
1509
1311
1123
951
807
687
595
547
526
528
567
634
743
869
1041
1225
1412
1616
1822
2017
2221
2415
2608
2771
2926
3051
3160
3220
3255
3251
3200
3119
2992
2859
2681
2513
2313
2114
1907
1715
1509
1310
1120
950
809
687
594
548
527
526
570
640
746
869
1044
1220
1414
1617
1821
2015
2222
2416
2607
2773
2928
3055
3162
3221
3254
3253
3204
3120
2992
2860
2685
2513
2315
2117
1910
1714
1511
1313
1122
950
805
687
597
549
528
528
571
635
743
870
1041
1223
1413
1616
1818
2016
2219
2414
2607
2773
2925
3056
3164
3221
3250
3251
3202
3122
2991
2861
2685
2512
2315
2115
1911
1713
1507
1311
1123
955
810
688
594
547
527
528
568
634
742
870
1043
1219
1414
1618
1821
2015
2221
2415
2606
2774
2926
3056
3166
3223
3250
3249
3203
3120
2992
2859
2682
2515
2315
2114
1911
1714
1509
1311
1126
951
810
688
598
548
525
528
569
635
743
869
1045
1222
1413
1618
1821
2016
2220
2415
2605
2770
2927
3055
3166
3221
3254
3252
3200
3120
2992
2857
2683
2513
2311
2114
1912
1714
1511
1312
1121
953
807
688
595
549
527
525
570
635
747
870
1043
1222
1415
1616
1820
2015
2224
2415
2606
2771
2924
3055
3164
3227
3253
3253
3203
3120
2992
2861
2681
2512
2313
2116
1909
1713
1506
1311
1122
947
808
687
592
548
527
528
567
638
742
869
1045
1220
1414
1618
1823
2018
2221
2415
2608
2771
2927
3053
3162
3222
3251
3251
3201
3120
2991
2859
2682
2517
2315
2117
1907
1714
1510
1310
1121
948
804
688
593
549
527
528
570
637
745
870
1043
1222
1411
1616
1821
2015
2219
2416
2608
2778
2927
3055
3162
3221
3251
3248
3201
3120
2992
2859
2683
2513
2314
2114
1910
1717
1511
1312
1123
951
807
687
595
557
528
528
570
636
743
868
1041
1219
1413
1617
1822
2017
2221
2415
2606
2771
2925
3056
3166
3221
3254
3251
3202
3120
2991
2861
2681
2515
2315
2117
1909
1716
1509
1311
1123
947
805
689
594
553
527
527
570
634
745
870
1043
1219
1417
1616
1821
2016
2219
2415
2608
2773
2926
3056
3163
3220
3252
3253
3201
3120
2992
2862
2684
2513
2313
2115
1914
1712
1510
1312
1123
947
807
688
594
545
525
528
568
635
743
870
1045
1227
1416
1617
1821
2015
2223
2416
2608
2775
2926
3056
3165
3223
3253
3253
3201
3120
2992
2862
2685
2514
2315
2117
1909
1713
1510
1313
1120
955
807
688
595
550
527
528
569
639
746
869
1043
1227
1415
1616
1820
2014
2221
2416
2605
2770
2927
3055
3162
3219
3252
3250
3202
3122
2992
2861
2682
2512
2311
2117
1907
1713
1507
1309
1121
946
805
688
597
546
526
528
571
633
745
868
1045
1223
1414
1617
1821
2014
2219
2414
2606
2773
2926
3055
3163
3217
3253
3249
3200
3120
2990
2857
2681
2513
2313
2115
1911
1717
1510
1313
1119
949
807
687
595
547
528
528
571
637
742
873
1043
1225
1411
1616
1823
2015
2218
2414
2607
2769
2926
3052
3165
3225
3254
3248
3200
3120
2993
2858
2682
2512
2314
2118
1906
1712
1511
1313
1125
950
805
688
594
549
527
525
570
639
743
868
1047
1225
1414
1617
1820
2013
2220
2415
2608
2768
2927
3056
3167
3223
3253
3251
3201
3120
2992
2861
2682
2512
2314
2113
1913
1716
1509
1313
1122
950
808
688
595
550
526
528
570
634
748
871
1041
1223
1417
1617
1823
2015
2223
2416
2607
2770
2923
3056
3162
3226
3254
3253
3202
3121
2992
2861
2683
2512
2316
2114
1909
1713
1509
1312
1123
953
805
688
596
551
524
528
570
638
745
870
1044
1221
1413
1617
1820
2014
2224
2416
2607
2768
2922
3056
3166
3218
3255
3249
3201
3120
2992
2859
2683
2516
2314
2114
1908
1712
1509
1314
1122
950
810
688
594
548
526
528
569
636
746
870
1043
1222
1414
1616
1823
2014
2223
2413
2605
2769
2924
3054
3166
3221
3253
3252
3202
3120
2994
2858
2683
2522
2315
2117
1913
1717
1508
1314
1122
952
807
688
597
549
526
528
567
637
741
867
1045
1221
1414
1617
1821
2013
2217
2416
2608
2775
2926
3056
3160
3222
3251
3248
3202
3120
2992
2862
2682
2512
2313
2114
1910
1712
1505
1309
1123
955
807
687
592
549
526
526
569
631
743
870
1044
1220
1413
1616
1821
2016
2221
2416
2608
2774
2925
3059
3163
3219
3253
3248
3200
3120
2993
2859
2685
2514
2312
2117
1907
1716
1507
1311
1121
951
810
688
597
551
525
527
569
636
744
869
1042
1219
1416
1622
1823
2017
2219
2416
2608
2770
2923
3056
3164
3218
3248
3249
3200
3118
2992
2858
2683
2512
2310
2113
1908
1718
1506
1309
1121
951
809
688
593
549
528
527
572
634
743
866
1045
1222
1417
1616
1821
2018
2221
2414
2607
2771
2927
3055
3163
3225
3254
3253
3201
3120
2992
2855
2682
2516
2313
2115
1911
1712
1509
1311
1125
954
807
688
593
551
526
528
567
635
745
867
1042
1223
1415
1616
1822
2016
2221
2416
2608
2773
2926
3057
3167
3217
3252
3248
3201
3120
2992
2859
2681
2514
2313
2114
1910
1716
1510
1308
1121
949
807
686
595
549
527
528
570
635
745
867
1045
1222
1416
1616
1821
2013
2221
2416
2607
2773
2924
3056
3162
3226
3248
3254
3203
3121
2992
2859
2683
2512
2314
2113
1910
1713
1509
1312
1123
951
804
688
595
553
526
526
570
633
745
868
1042
1224
1414
1617
1821
2018
2220
2413
2608
2773
2928
3056
3163
3219
3251
3251
3201
3122
2992
2859
2686
2513
2316
2113
1913
1712
1506
1313
1121
954
809
688
597
553
527
528
569
637
745
869
1044
1222
1415
1616
1821
2015
2221
2415
2606
2773
2926
3054
3165
3225
3251
3249
3200
3120
2992
2859
2682
2513
2315
2115
1909
1714
1510
1312
1123
948
812
688
595
550
527
528
566
633
746
869
1043
1221
1415
1620
1822
2017
2220
2416
2605
2768
2923
3056
3163
3219
3249
3251
3200
3120
2992
2860
2683
2512
2314
2113
1907
1715
1511
1312
1123
954
807
688
597
547
527
526
569
630
743
870
1044
1217
1412
1616
1819
2017
2217
2416
2608
2771
2926
3056
3164
3218
3251
3249
3201
3119
2992
2857
2683
2516
2315
2115
1909
1718
1504
1309
1121
955
807
687
593
549
525
528
568
633
742
867
1043
1220
1413
1616
1822
2010
2217
2416
2608
2770
2927
3055
3163
3226
3251
3251
3200
3120
2992
2859
2686
2512
2315
2118
1911
1715
1506
1311
1120
949
809
688
595
553
528
528
571
635
742
869
1044
1221
1418
1619
1819
2014
2217
2416
2607
2773
2927
3056
3162
3225
3255
3251
3201
3120
2992
2862
2683
2513
2316
2113
1910
1712
1509
1312
1121
953
809
687
598
549
526
528
569
633
746
867
1041
1221
1413
1617
1822
2015
2221
2415
2606
2771
2923
3053
3161
3220
3254
3248
3201
3120
2991
2859
2683
2514
2310
2117
1913
1712
1508
1309
1122
949
810
687
597
552
523
528
567
631
745
871
1041
1226
1414
1616
1822
2014
2223
2416
2604
2775
2927
3056
3166
3222
3254
3250
3203
3121
2992
2861
2683
2512
2316
2112
1909
1713
1507
1311
1119
946
809
685
597
546
525
528
566
633
741
870
1042
1218
1415
1616
1819
2016
2221
2414
2608
2770
2921
3056
3163
3216
3254
3253
3201
3120
2992
2861
2683
2515
2313
2115
1908
1719
1509
1312
1123
950
805
687
596
549
524
528
569
633
746
870
1042
1221
1413
1616
1822
2015
2223
2414
2608
2773
2927
3056
3165
3221
3252
3248
3198
3119
2993
2859
2682
2512
2315
2115
1909
1717
1507
1313
1121
950
812
688
596
552
527
525
566
637
741
867
1043
1221
1411
1616
1823
2017
2221
2416
2607
2771
2923
3055
3163
3217
3250
3251
3203
3121
2992
2859
2682
2513
2315
2118
1911
1712
1514
1312
1121
949
807
688
594
550
526
528
566
634
745
869
1043
1225
1415
1616
1822
2016
2221
2414
2608
2769
2926
3059
3165
3222
3253
3249
3204
3120
2992
2864
2683
2515
2313
2118
1910
1715
1511
1311
1123
949
805
688
597
551
527
528
570
631
741
866
1043
1219
1417
1617
1821
2015
2219
2415
2607
2768
2923
3055
3159
3220
3251
3248
3200
3119
2992
2861
2685
2517
2315
2116
1909
1714
1509
1313
1120
948
807
687
595
550
511
528
570
633
746
871
1041
1220
1412
1616
1822
2014
2222
2413
2606
2769
2927
3056
3163
3219
3251
3249
3201
3121
2991
2862
2683
2512
2311
2115
1907
1716
1509
1310
1122
948
808
688
593
551
527
528
566
631
744
869
1046
1223
1415
1616
1821
2014
2221
2414
2607
2769
2923
3056
3164
3220
3249
3253
3200
3120
2991
2858
2685
2515
2311
2115
1909
1712
1506
1311
1123
951
805
688
594
549
527
528
569
635
745
870
1042
1220
1415
1619
1819
2015
2222
2413
2606
2775
2925
3056
3163
3223
3252
3248
3200
3120
2991
2859
2685
2512
2313
2115
1908
1713
1511
1311
1122
957
809
690
595
550
526
526
569
633
745
871
1045
1224
1415
1617
1822
2014
2218
2416
2606
2768
2925
3056
3167
3221
3254
3251
3201
3119
2993
2861
2683
2513
2314
2115
1907
1713
1510
1309
1121
949
803
688
594
550
526
528
566
633
741
871
1043
1221
1417
1617
1823
2016
2220
2416
2607
2771
2925
3056
3162
3222
3253
3253
3202
3120
2992
2863
2685
2514
2316
2118
1909
1713
1508
1310
1120
954
810
688
595
551
528
528
569
635
746
870
1045
1223
1414
1618
1822
2014
2218
2415
2606
2770
2925
3056
3163
3223
3251
3248
3200
3119
2992
2860
2685
2513
2317
2115
1908
1713
1508
1311
1121
951
806
686
595
551
528
528
566
633
741
870
1043
1223
1413
1616
1823
2014
2223
2415
2605
2773
2927
3056
3163
3222
3254
3252
3201
3120
2992
2857
2683
2515
2315
2119
1911
1714
1510
1312
1123
957
806
687
599
550
526
528
570
638
749
870
1044
1223
1417
1616
1825
2014
2219
2415
2605
2768
2923
3055
3164
3222
3253
3248
3200
3120
2992
2859
2682
2512
2313
2114
1909
1712
1511
1310
1123
947
811
689
598
550
528
527
569
635
741
867
1044
1219
1413
1616
1821
2015
2222
2416
2607
2774
2923
3056
3162
3221
3252
3249
3202
3120
2993
2861
2686
2515
2315
2115
1908
1712
1511
1313
1122
951
807
688
595
550
527
528
571
636
745
870
1046
1222
1414
1616
1818
2015
2222
2413
2605
2769
2923
3056
3165
3225
3251
3251
3202
3120
2992
2859
2685
2513
2315
2115
1909
1714
1508
1312
1121
953
809
686
593
550
525
528
567
634
745
867
1045
1223
1414
1617
1824
2016
2222
2414
2607
2771
2923
3056
3165
3221
3251
3249
3201
3120
2992
2859
2683
2515
2314
2115
1907
1714
1508
1311
1122
950
806
688
596
548
523
527
567
638
746
869
1044
1222
1415
1616
1823
2014
2221
2416
2608
2771
2925
3056
3167
3224
3253
3251
3201
3119
2993
2859
2686
2514
2311
2115
1907
1717
1510
1312
1123
950
807
688
593
551
524
527
571
631
745
873
1045
1222
1417
1616
1823
2015
2217
2415
2608
2773
2925
3055
3165
3217
3251
3251
3200
3120
2993
2859
2686
2514
2317
2114
1908
1714
1507
1313
1125
953
806
687
598
550
527
527
566
637
746
868
1042
1221
1414
1618
1823
2013
2223
2416
2607
2772
2925
3056
3165
3226
3255
3250
3202
3120
2992
2861
2685
2517
2315
2115
1911
1717
1509
1313
1121
949
809
688
596
550
527
526
570
634
745
870
1042
1220
1419
1616
1822
2015
2223
2416
2608
2771
2926
3055
3162
3222
3255
3252
3202
3120
2992
2861
2685
2513
2315
2117
1909
1714
1509
1311
1122
952
806
688
595
549
525
528
569
635
746
868
1042
1223
1413
1616
1822
2014
2217
2416
2605
2770
2925
3056
3164
3224
3248
3250
3199
3120
2992
2858
2682
2513
2317
2118
1908
1717
1508
1310
1121
949
805
688
593
551
526
528
569
637
747
868
1043
1221
1414
1618
1822
2016
2221
2414
2605
2771
2923
3056
3163
3221
3253
3248
3199
3120
2992
2858
2684
2512
2311
2114
1911
1713
1506
1313
1122
953
805
688
594
547
526
528
571
631
743
868
1042
1222
1414
1618
1821
2016
2222
2415
2608
2774
2925
3056
3163
3222
3254
3249
3202
3120
2993
2859
2682
2513
2313
2115
1908
1714
1511
1311
1125
954
803
688
595
548
524
528
569
633
746
865
1043
1223
1417
1617
1821
2011
2219
2416
2606
2771
2926
3056
3162
3221
3253
3250
3202
3120
2992
2861
2679
2512
2309
2115
1908
1712
1507
1310
1122
951
807
688
595
550
525
528
566
635
746
871
1046
1221
1419
1616
1821
2016
2222
2414
2608
2771
2925
3056
3164
3222
3250
3251
3203
3120
2992
2862
2683
2512
2314
2118
1909
1713
1509
1312
1123
951
809
688
594
550
526
527
570
635
745
870
1041
1221
1415
1617
1822
2016
2221
2413
2608
2773
2928
3056
3165
3221
3255
3251
3203
3120
2992
2858
2683
2512
2310
2113
1909
1715
1507
1311
1125
951
807
690
596
548
524
528
570
635
743
874
1043
1222
1423
1617
1818
2015
2221
2416
2608
2773
2926
3057
3167
3223
3255
3254
3204
3126
2993
2861
2683
2514
2317
2115
1911
1713
1511
1314
1122
949
805
688
595
549
524
528
567
634
747
870
1043
1222
1415
1617
1821
2014
2218
2416
2608
2769
2922
3055
3163
3223
3249
3251
3200
3121
2992
2861
2683
2515
2315
2113
1910
1717
1510
1313
1124
950
805
688
595
548
528
526
571
637
747
869
1043
1225
1413
1616
1822
2016
2224
2415
2608
2769
2926
3059
3167
3221
3255
3253
3199
3120
2993
2859
2684
2514
2313
2117
1909
1716
1508
1313
1122
951
806
687
594
547
527
526
571
635
747
867
1043
1223
1415
1617
1823
2017
2221
2416
2608
2772
2926
3053
3162
3223
3255
3252
3200
3120
2992
2861
2685
2515
2309
2114
1908
1717
1510
1310
1123
952
805
686
593
550
526
528
565
636
744
871
1044
1226
1415
1617
1821
2015
2219
2416
2608
2774
2923
3056
3165
3221
3253
3250
3199
3120
2992
2859
2685
2514
2314
2115
1910
1712
1509
1313
1120
948
809
688
598
549
526
528
567
635
749
867
1043
1223
1411
1616
1821
2016
2217
2415
2607
2774
2925
3056
3166
3221
3250
3250
3204
3120
2991
2859
2683
2513
2317
2117
1911
1712
1513
1311
1120
950
806
688
594
551
524
528
569
634
742
871
1043
1222
1413
1616
1815
2015
2219
2415
2608
2773
2923
3055
3164
3227
3253
3248
3201
3120
2990
2860
2685
2513
2316
2114
1911
1715
1514
1311
1123
949
807
688
597
547
525
528
570
638
741
866
1045
1226
1410
1616
1823
2014
2219
2415
2605
2771
2923
3055
3163
3221
3248
3249
3201
3119
2992
2858
2682
2513
2315
2115
1906
1714
1507
1309
1120
950
807
688
595
550
528
528
569
637
749
869
1045
1219
1415
1616
1822
2013
2224
2416
2605
2769
2925
3056
3165
3219
3249
3248
3203
3120
2992
2859
2687
2515
2317
2117
1909
1714
1509
1312
1122
951
807
688
597
550
524
526
571
636
743
870
1045
1224
1414
1616
1823
2015
2218
2417
2608
2770
2925
3054
3166
3223
3251
3253
3203
3120
2992
2863
2683
2516
2314
2119
1910
1715
1515
1311
1119
955
806
688
594
549
528
527
571
637
742
870
1046
1221
1415
1617
1821
2015
2223
2416
2608
2773
2925
3055
3167
3223
3248
3253
3203
3120
2995
2858
2685
2514
2315
2116
1909
1714
1511
1311
1122
951
811
688
598
548
527
525
565
635
745
867
1041
1223
1413
1618
1823
2014
2220
2413
2605
2768
2925
3056
3161
3222
3254
3253
3201
3120
2992
2863
2681
2512
2314
2113
1910
1714
1508
1312
1121
953
806
687
595
547
525
528
566
635
742
870
1047
1223
1416
1616
1822
2015
2219
2415
2608
2771
2926
3056
3166
3225
3255
3253
3200
3120
2995
2859
2683
2515
2316
2116
1909
1714
1507
1309
1122
950
807
684
595
549
523
527
567
635
746
870
1043
1223
1413
1617
1820
2014
2224
2416
2607
2773
2923
3056
3166
3222
3255
3249
3201
3120
2992
2861
2683
2512
2315
2115
1910
1712
1512
1313
1120
951
807
688
596
548
527
526
566
635
743
869
1043
1225
1410
1616
1824
2015
2221
2416
2608
2772
2926
3056
3163
3222
3258
3249
3203
3120
2992
2861
2684
2513
2311
2114
1908
1716
1509
1312
1121
951
805
688
593
549
527
528
569
635
743
868
1044
1221
1412
1618
1822
2015
2223
2417
2608
2773
2927
3055
3163
3221
3257
3248
3200
3121
2992
2860
2687
2513
2317
2117
1909
1714
1505
1310
1122
951
805
688
597
549
526
527
567
635
742
869
1041
1223
1412
1616
1822
2015
2221
2415
2605
2770
2928
3056
3162
3223
3250
3252
3200
3120
2992
2861
2688
2514
2313
2116
1911
1714
1513
1313
1121
951
811
688
598
547
526
527
567
637
743
870
1046
1221
1415
1616
1822
2016
2223
2415
2608
2772
2921
3056
3164
3223
3254
3251
3202
3120
2993
2858
2682
2515
2315
2114
1909
1714
1507
1311
1122
950
806
687
597
551
527
528
566
637
743
867
1041
1220
1410
1616
1822
2016
2218
2413
2607
2769
2927
3055
3167
3223
3253
3248
3201
3120
2992
2858
2687
2512
2314
2115
1910
1713
1507
1313
1121
951
807
688
595
547
527
528
567
635
743
867
1043
1221
1419
1616
1821
2013
2218
2415
2608
2773
2924
3056
3162
3225
3254
3250
3202
3120
2992
2861
2683
2512
2311
2115
1908
1717
1509
1311
1124
951
807
688
593
550
525
527
568
631
744
870
1045
1221
1411
1617
1819
2011
2219
2417
2607
2771
2928
3055
3165
3221
3254
3249
3201
3120
2991
2860
2685
2512
2314
2116
1911
1715
1513
1312
1119
950
811
687
595
549
527
528
567
634
741
865
1045
1221
1410
1616
1821
2011
2223
2414
2607
2770
2926
3055
3162
3223
3250
3248
3203
3120
2991
2861
2683
2517
2314
2118
1907
1715
1507
1311
1121
953
806
688
598
550
525
528
565
635
742
870
1043
1222
1415
1617
1822
2013
2221
2416
2605
2771
2921
3053
3161
3219
3255
3251
3200
3119
2992
2863
2687
2514
2309
2114
1911
1713
1507
1313
1120
951
809
688
592
551
522
528
571
637
746
870
1044
1222
1414
1617
1821
2015
2222
2413
2606
2770
2919
3056
3165
3220
3253
3250
3201
3120
2992
2860
2686
2514
2317
2115
1907
1715
1511
1309
1122
950
806
688
598
551
528
528
571
634
743
869
1047
1225
1414
1617
1822
2015
2220
2415
2605
2771
2923
3055
3165
3221
3253
3248
3200
3120
2992
2862
2683
2515
2316
2114
1909
1713
1509
1314
1123
950
811
687
597
547
526
525
566
630
749
869
1045
1223
1417
1619
1821
2014
2221
2415
2607
2771
2925
3056
3161
3223
3254
3251
3200
3120
2992
2859
2685
2515
2318
2118
1915
1715
1510
1311
1122
951
811
688
599
551
526
528
570
633
741
866
1042
1221
1415
1617
1821
2014
2217
2415
2608
2770
2928
3055
3163
3223
3255
3248
3200
3120
2996
2862
2683
2513
2314
2117
1909
1715
1510
1310
1121
950
806
688
595
547
527
525
569
634
743
869
1045
1222
1414
1616
1826
2014
2224
2415
2608
2773
2927
3053
3163
3222
3257
3253
3202
3121
2995
2858
2687
2515
2310
2118
1913
1715
1511
1313
1123
954
807
686
597
553
528
528
567
635
741
869
1042
1224
1412
1616
1825
2016
2219
2416
2605
2770
2925
3056
3162
3223
3252
3250
3200
3120
2997
2859
2684
2515
2315
2115
1913
1712
1509
1312
1122
950
806
688
592
547
525
528
569
637
746
869
1046
1223
1418
1619
1822
2015
2223
2414
2607
2770
2925
3055
3163
3222
3254
3249
3201
3120
2992
2859
2683
2514
2313
2121
1909
1713
1505
1309
1124
949
813
688
595
551
526
528
566
634
749
869
1044
1222
1412
1617
1822
2015
2221
2416
2607
2771
2923
3056
3163
3220
3257
3251
3203
3121
2992
2858
2685
2512
2314
2115
1910
1713
1507
1309
1122
949
811
687
592
550
528
525
571
634
745
871
1047
1223
1414
1618
1820
2018
2221
2415
2608
2771
2925
3054
3163
3223
3249
3249
3206
3121
2992
2862
2685
2512
2314
2113
1911
1715
1509
1312
1123
949
809
688
596
550
527
528
571
634
743
866
1044
1225
1418
1616
1820
2016
2219
2413
2608
2770
2927
3056
3161
3227
3258
3250
3203
3120
2997
2861
2682
2514
2314
2113
1909
1715
1510
1312
1119
950
810
688
595
553
528
527
567
635
745
870
1044
1223
1413
1616
1822
2015
2223
2416
2606
2770
2926
3054
3165
3223
3251
3249
3200
3120
2992
2864
2684
2513
2313
2113
1908
1713
1506
1310
1118
951
809
688
593
551
526
528
566
635
746
870
1041
1221
1414
1618
1822
2018
2222
2415
2607
2773
2926
3056
3164
3219
3249
3248
3200
3120
2993
2861
2685
2512
2315
2115
1909
1716
1510
1311
1123
951
808
686
596
549
524
528
567
633
743
870
1043
1219
1409
1616
1823
2013
2222
2413
2607
2772
2928
3056
3163
3219
3254
3248
3200
3120
2992
2860
2687
2512
2315
2112
1907
1715
1509
1315
1125
954
806
688
594
548
525
528
569
633
746
870
1045
1223
1411
1616
1820
2016
2218
2415
2606
2770
2925
3056
3162
3221
3251
3250
3206
3120
2993
2861
2683
2517
2314
2113
1911
1714
1507
1311
1121
952
811
688
594
552
526
530
570
635
745
869
1045
1221
1411
1616
1823
2015
2222
2417
2606
2769
2925
3057
3166
3223
3255
3250
3201
3122
2992
2860
2683
2515
2314
2119
1910
1713
1508
1313
1122
947
807
685
593
549
527
528
567
634
741
871
1043
1221
1413
1616
1824
2015
2221
2416
2607
2773
2925
3056
3163
3222
3255
3251
3201
3121
2992
2861
2685
2514
2315
2114
1910
1715
1511
1311
1123
953
807
688
594
550
528
526
567
635
750
869
1046
1223
1419
1617
1823
2016
2221
2416
2608
2772
2923
3053
3164
3219
3249
3248
3200
3120
2991
2863
2683
2513
2309
2115
1907
1715
1508
1311
1123
951
807
686
595
549
525
529
565
637
745
869
1044
1223
1415
1616
1818
2015
2218
2416
2607
2771
2927
3055
3163
3222
3251
3248
3200
3119
2992
2859
2685
2514
2313
2114
1909
1713
1514
1314
1119
951
806
688
595
547
511
528
569
631
746
869
1046
1222
1414
1616
1823
2014
2222
2415
2608
2774
2926
3056
3163
3221
3254
3248
3200
3120
2992
2861
2681
2513
2314
2115
1911
1715
1510
1311
1121
957
810
688
596
552
525
528
567
635
743
867
1042
1223
1414
1616
1823
2015
2223
2413
2606
2770
2923
3057
3163
3225
3253
3251
3197
3120
2991
2860
2683
2514
2313
2119
1907
1715
1510
1308
1123
950
813
688
595
549
527
525
570
635
743
870
1044
1222
1418
1616
1821
2015
2219
2414
2604
2771
2926
3056
3165
3223
3254
3248
3203
3120
2992
2859
2685
2513
2309
2117
1907
1715
1509
1314
1121
949
807
688
594
550
526
528
567
635
745
870
1043
1222
1414
1616
1822
2015
2221
2416
2608
2769
2926
3056
3163
3221
3254
3250
3203
3120
2992
2860
2685
2517
2316
2119
1911
1715
1510
1311
1120
955
807
686
597
547
526
528
566
637
747
869
1044
1219
1410
1616
1822
2017
2221
2417
2607
2769
2927
3055
3165
3222
3251
3259
3201
3120
2992
2861
2683
2513
2313
2114
1907
1717
1511
1311
1123
953
805
688
597
550
526
528
572
634
743
867
1045
1222
1417
1619
1821
2017
2222
2415
2607
2773
2926
3053
3164
3219
3253
3249
3202
3120
2992
2861
2683
2515
2318
2117
1909
1714
1511
1311
1124
947
806
688
594
550
525
528
565
638
746
870
1042
1222
1415
1617
1823
2015
2219
2416
2608
2769
2925
3057
3163
3222
3251
3250
3202
3122
2992
2859
2682
2513
2314
2112
1909
1715
1511
1311
1123
955
806
688
596
549
528
528
569
635
746
871
1044
1222
1412
1618
1821
2012
2222
2416
2608
2771
2927
3055
3167
3225
3253
3254
3201
3122
2992
2862
2686
2514
2315
2119
1911
1718
1508
1309
1122
950
810
688
598
549
526
528
569
635
743
865
1043
1220
1414
1614
1821
2015
2219
2416
2605
2768
2924
3056
3161
3221
3251
3248
3200
3120
2993
2860
2679
2512
2311
2113
1908
1715
1511
1310
1123
951
806
688
595
549
526
526
567
634
743
863
1042
1222
1415
1619
1823
2013
2221
2416
2605
2771
2925
3053
3163
3218
3251
3249
3200
3121
2992
2857
2684
2513
2314
2114
1909
1716
1510
1313
1121
951
810
685
597
549
526
529
566
634
743
869
1043
1222
1414
1617
1821
2015
2221
2415
2606
2771
2923
3056
3164
3221
3251
3250
3201
3120
2992
2859
2681
2513
2310
2112
1909
1713
1509
1310
1123
950
807
686
594
550
527
527
567
633
742
869
1045
1222
1413
1618
1819
2015
2221
2415
2606
2769
2926
3056
3165
3223
3256
3253
3201
3121
2993
2862
2685
2512
2315
2114
1908
1715
1509
1312
1121
947
807
687
597
550
528
528
567
633
743
865
1041
1221
1416
1618
1820
2016
2221
2415
2607
2771
2925
3056
3163
3217
3252
3254
3199
3120
2993
2863
2683
2513
2313
2113
1911
1717
1511
1313
1120
951
806
688
595
547
525
525
569
635
745
871
1043
1222
1413
1616
1823
2014
2220
2416
2606
2773
2926
3055
3164
3222
3257
3249
3202
3118
2992
2857
2682
2513
2313
2114
1909
1715
1511
1312
1121
953
807
688
595
551
526
528
571
631
743
868
1042
1223
1414
1616
1822
2015
2221
2413
2608
2768
2928
3056
3165
3222
3255
3248
3203
3121
2993
2861
2683
2517
2315
2116
1909
1714
1509
1311
1121
953
807
688
600
549
527
526
569
635
746
868
1044
1221
1415
1617
1821
2015
2222
2416
2607
2771
2925
3059
3162
3223
3251
3254
3202
3120
2992
2859
2683
2513
2313
2117
1910
1713
1506
1312
1125
954
809
688
596
546
525
528
566
634
742
867
1043
1223
1414
1616
1823
2013
2219
2415
2606
2773
2923
3055
3158
3221
3257
3254
3200
3120
2991
2860
2682
2512
2313
2117
1908
1714
1507
1309
1124
953
809
688
593
546
527
525
570
637
744
864
1045
1221
1411
1616
1822
2013
2221
2416
2603
2769
2922
3053
3161
3220
3249
3251
3200
3120
2992
2860
2683
2512
2315
2117
1908
1716
1506
1310
1125
951
809
687
594
550
526
527
567
635
743
869
1043
1222
1414
1616
1819
2016
2222
2416
2607
2771
2927
3055
3162
3221
3253
3252
3201
3120
2992
2863
2683
2513
2315
2117
1906
1714
1510
1312
1123
950
806
688
599
546
526
528
565
637
746
867
1046
1221
1413
1619
1822
2016
2219
2414
2606
2769
2922
3056
3162
3221
3253
3248
3201
3120
2992
2858
2684
2515
2315
2112
1911
1715
1509
1311
1119
950
805
687
597
547
527
528
567
635
746
867
1042
1220
1414
1616
1819
2013
2222
2413
2608
2770
2927
3055
3164
3223
3254
3249
3200
3121
2992
2864
2682
2512
2310
2113
1913
1714
1511
1310
1123
952
806
688
596
549
525
528
569
633
746
863
1043
1218
1409
1616
1818
2012
2217
2414
2607
2771
2924
3056
3165
3222
3248
3254
3199
3120
2992
2861
2685
2515
2315
2115
1908
1712
1506
1309
1121
950
806
689
595
548
524
528
567
637
743
869
1041
1223
1414
1618
1822
2014
2221
2413
2604
2769
2926
3056
3165
3221
3253
3249
3199
3119
2990
2861
2684
2515
2313
2118
1907
1717
1511
1311
1121
950
806
689
594
549
528
525
567
632
745
867
1042
1222
1413
1616
1822
2014
2223
2416
2608
2771
2927
3056
3162
3222
3254
3250
3202
3120
2993
2863
2683
2513
2314
2112
1909
1716
1510
1312
1121
953
805
686
595
547
526
527
567
636
739
867
1042
1222
1413
1617
1819
2013
2221
2414
2608
2771
2928
3056
3166
3223
3252
3248
3200
3120
2992
2859
2681
2514
2314
2114
1905
1714
1505
1308
1123
951
807
687
593
546
525
527
567
634
743
871
1042
1221
1415
1619
1821
2015
2222
2415
2606
2771
2927
3056
3165
3221
3249
3249
3200
3120
2992
2859
2685
2514
2313
2118
1909
1713
1513
1312
1123
950
809
688
598
550
527
527
570
633
743
874
1046
1223
1418
1618
1821
2015
2223
2413
2605
2773
2928
3057
3164
3221
3251
3250
3201
3120
2993
2855
2681
2512
2313
2114
1911
1715
1513
1313
1122
951
808
685
595
546
525
528
567
635
743
867
1043
1223
1415
1617
1819
2012
2219
2418
2607
2774
2924
3056
3161
3221
3251
3248
3201
3119
2992
2861
2682
2513
2313
2114
1909
1715
1510
1309
1123
949
810
688
596
550
526
528
566
635
742
870
1041
1223
1413
1616
1821
2015
2221
2415
2608
2773
2928
3056
3163
3221
3255
3250
3200
3120
2992
2859
2682
2512
2311
2114
1910
1715
1509
1309
1122
951
806
688
595
547
527
526
567
634
743
870
1046
1221
1418
1617
1821
2013
2219
2415
2607
2773
2925
3055
3161
3219
3250
3250
3200
3120
2992
2860
2683
2512
2313
2113
1907
1717
1505
1310
1121
951
809
688
595
547
525
528
568
638
747
866
1044
1222
1413
1616
1820
2013
2218
2415
2606
2768
2925
3056
3163
3221
3253
3249
3200
3120
2993
2855
2683
2516
2311
2114
1910
1715
1507
1309
1122
950
811
688
594
551
526
528
570
638
745
869
1042
1223
1413
1619
1822
2016
2219
2415
2605
2771
2927
3056
3162
3222
3255
3249
3203
3120
2992
2859
2686
2515
2314
2115
1907
1715
1506
1314
1123
949
805
688
595
549
525
528
567
633
743
867
1042
1219
1415
1616
1821
2015
2219
2416
2607
2770
2926
3056
3166
3223
3254
3251
3202
3120
2992
2859
2683
2515
2313
2112
1907
1714
1510
1315
1118
951
808
687
593
550
523
528
567
635
743
870
1041
1221
1415
1617
1822
2015
2220
2415
2608
2771
2926
3055
3161
3221
3248
3255
3201
3120
2992
2854
2682
2514
2311
2117
1909
1715
1510
1311
1123
951
807
686
598
550
527
526
567
634
747
868
1040
1222
1411
1617
1819
2013
2221
2416
2608
2769
2925
3056
3161
3220
3250
3248
3200
3120
2994
2861
2683
2514
2315
2115
1908
1712
1506
1311
1122
950
806
686
598
551
525
528
571
634
747
871
1045
1222
1415
1617
1820
2017
2221
2415
2608
2770
2928
3056
3162
3223
3252
3249
3201
3120
2992
2861
2683
2512
2315
2116
1907
1716
1508
1306
1121
950
805
688
599
549
526
528
564
637
743
871
1041
1217
1415
1620
1819
2015
2220
2416
2605
2769
2923
3055
3163
3219
3250
3250
3200
3120
2992
2858
2685
2512
2312
2113
1908
1714
1507
1311
1120
950
809
685
597
549
527
528
566
637
745
868
1042
1225
1415
1619
1822
2015
2221
2415
2608
2774
2925
3055
3159
3222
3251
3248
3200
3118
2992
2859
2682
2512
2310
2117
1905
1714
1509
1312
1127
950
810
688
593
547
526
528
567
636
743
868
1046
1222
1413
1616
1822
2015
2220
2416
2608
2768
2928
3056
3161
3221
3250
3249
3202
3120
2992
2862
2683
2513
2314
2115
1905
1714
1507
1307
1121
951
807
687
595
550
527
527
571
634
743
867
1042
1220
1417
1616
1821
2014
2219
2416
2607
2771
2926
3056
3165
3222
3251
3249
3201
3120
2993
2861
2682
2513
2315
2118
1908
1713
1508
1312
1122
951
805
688
594
550
528
528
570
635
741
868
1043
1223
1413
1616
1824
2014
2221
2415
2608
2774
2926
3056
3163
3220
3252
3248
3199
3120
2992
2859
2683
2515
2315
2117
1907
1715
1509
1311
1122
950
805
688
595
548
525
528
565
634
747
871
1043
1223
1413
1616
1819
2015
2222
2415
2605
2770
2927
3056
3163
3222
3253
3250
3200
3120
2994
2863
2684
2514
2315
2114
1908
1714
1507
1311
1125
953
807
687
597
549
511
526
565
635
741
870
1043
1222
1415
1617
1818
2015
2221
2416
2607
2777
2926
3056
3163
3222
3253
3249
3201
3120
2992
2858
2683
2515
2314
2119
1909
1715
1509
1313
1120
949
807
688
597
551
528
527
569
634
743
869
1042
1220
1415
1617
1824
2014
2218
2415
2607
2775
2925
3056
3165
3219
3257
3251
3200
3120
2992
2863
2683
2517
2313
2116
1914
1714
1511
1311
1121
949
807
688
595
551
527
527
566
637
743
868
1042
1223
1417
1621
1823
2014
2221
2416
2608
2772
2927
3056
3161
3221
3253
3248
3199
3120
2991
2858
2685
2513
2311
2114
1907
1714
1509
1311
1119
950
808
688
594
551
525
528
567
636
742
870
1043
1221
1417
1617
1823
2016
2222
2414
2608
2772
2928
3056
3163
3223
3254
3250
3200
3121
2992
2858
2682
2512
2313
2117
1907
1717
1513
1313
1121
951
808
688
594
553
527
527
567
635
743
867
1043
1225
1415
1617
1822
2013
2221
2416
2607
2773
2925
3056
3165
3226
3253
3253
3204
3120
2992
2859
2685
2512
2311
2114
1909
1713
1508
1312
1120
955
809
688
597
550
526
528
567
635
742
869
1043
1221
1418
1618
1821
2014
2221
2415
2608
2770
2927
3056
3167
3223
3252
3249
3199
3120
2993
2859
2684
2512
2313
2115
1910
1717
1511
1315
1123
955
807
688
601
549
527
528
568
631
743
868
1040
1222
1418
1618
1819
2015
2219
2414
2607
2775
2926
3056
3165
3227
3259
3251
3203
3120
2992
2858
2683
2514
2314
2115
1910
1714
1510
1309
1120
955
809
687
594
549
523
528
566
638
742
870
1042
1225
1413
1618
1819
2016
2223
2414
2608
2774
2926
3056
3163
3220
3250
3250
3200
3120
2995
2861
2687
2515
2314
2115
1911
1715
1508
1309
1122
950
806
688
597
550
528
528
567
638
746
870
1043
1222
1413
1616
1818
2013
2221
2416
2608
2769
2926
3055
3167
3221
3255
3251
3199
3120
2991
2859
2681
2512
2313
2115
1911
1713
1511
1311
1122
953
806
686
593
549
528
527
568
634
747
873
1043
1223
1414
1618
1819
2016
2220
2415
2607
2770
2927
3056
3165
3222
3254
3251
3204
3120
2992
2860
2683
2514
2315
2117
1908
1717
1508
1311
1123
949
811
688
594
549
528
526
567
634
743
869
1042
1219
1413
1616
1819
2013
2218
2412
2608
2769
2927
3055
3163
3225
3254
3250
3200
3119
2991
2862
2685
2516
2313
2117
1907
1715
1507
1311
1122
950
807
687
592
553
525
527
570
634
743
869
1044
1222
1414
1617
1822
2013
2219
2413
2607
2771
2927
3055
3164
3219
3252
3248
3203
3119
2992
2859
2686
2514
2313
2118
1910
1712
1511
1311
1122
953
809
688
592
550
527
527
567
635
748
866
1043
1221
1411
1616
1822
2015
2219
2413
2603
2768
2926
3055
3162
3222
3251
3248
3201
3120
2992
2861
2686
2513
2313
2113
1910
1714
1509
1310
1121
951
806
687
594
551
528
528
570
634
745
870
1046
1221
1413
1618
1819
2015
2218
2415
2606
2770
2925
3054
3158
3219
3251
3248
3199
3121
2992
2857
2686
2514
2314
2115
1911
1715
1508
1313
1123
952
807
687
593
547
526
527
572
638
745
869
1044
1223
1413
1617
1823
2017
2224
2416
2607
2768
2925
3056
3161
3225
3254
3251
3207
3120
2993
2859
2683
2514
2313
2117
1910
1715
1509
1311
1124
951
805
688
593
549
527
526
569
636
743
867
1043
1220
1413
1616
1818
2015
2220
2415
2608
2771
2923
3056
3162
3219
3256
3254
3200
3120
2991
2858
2682
2515
2314
2115
1907
1713
1509
1310
1121
951
807
689
595
547
527
528
571
634
745
870
1045
1219
1414
1617
1818
2015
2221
2413
2608
2770
2926
3056
3164
3227
3255
3251
3202
3118
2992
2859
2678
2512
2315
2115
1909
1715
1509
1311
1127
952
807
688
595
548
526
526
567
634
747
869
1043
1223
1415
1616
1821
2015
2219
2414
2602
2771
2925
3056
3163
3219
3250
3251
3201
3120
2992
2859
2681
2512
2310
2115
1907
1714
1510
1311
1123
957
807
688
598
547
524
527
571
631
743
869
1045
1225
1414
1616
1821
2014
2218
2416
2608
2769
2921
3056
3161
3224
3251
3252
3205
3120
2994
2857
2683
2512
2314
2113
1910
1715
1510
1312
1122
951
809
687
595
549
528
527
571
633
746
869
1040
1222
1413
1616
1821
2011
2224
2415
2608
2770
2925
3055
3159
3221
3255
3249
3200
3119
2989
2861
2682
2512
2310
2115
1910
1712
1508
1309
1123
954
805
688
595
551
525
528
564
635
743
868
1041
1221
1415
1617
1821
2014
2222
2415
2606
2768
2928
3057
3161
3221
3257
3252
3203
3119
2992
2858
2685
2514
2313
2113
1909
1714
1507
1311
1119
949
811
687
597
549
526
528
570
634
743
868
1042
1222
1413
1616
1815
2014
2219
2416
2608
2773
2927
3055
3163
3225
3251
3249
3203
3120
2993
2861
2683
2514
2309
2117
1906
1717
1507
1310
1119
949
807
687
593
548
528
528
569
633
745
874
1045
1219
1414
1618
1823
2015
2218
2416
2608
2771
2923
3054
3159
3225
3252
3249
3202
3120
2992
2859
2681
2516
2314
2113
1907
1713
1510
1312
1125
954
807
688
595
553
527
528
566
635
745
867
1040
1222
1414
1618
1821
2017
2220
2416
2607
2771
2926
3055
3161
3221
3252
3248
3200
3120
2992
2862
2683
2517
2314
2116
1910
1716
1509
1310
1121
954
805
688
598
548
528
527
569
637
746
868
1040
1222
1415
1617
1821
2014
2219
2415
2608
2774
2925
3054
3167
3218
3254
3251
3199
3120
2992
2861
2681
2513
2313
2115
1910
1713
1508
1311
1121
951
807
687
594
550
527
527
567
634
743
870
1042
1223
1414
1618
1819
2014
2221
2415
2608
2771
2926
3056
3163
3222
3250
3251
3202
3120
2993
2859
2682
2515
2315
2115
1913
1713
1510
1310
1124
948
807
688
597
549
525
528
567
635
741
869
1043
1221
1414
1616
1819
2016
2222
2416
2608
2773
2928
3055
3165
3223
3250
3253
3201
3119
2992
2861
2682
2512
2315
2117
1911
1714
1506
1311
1121
951
810
688
598
549
524
528
570
637
746
867
1043
1222
1412
1618
1819
2015
2221
2416
2603
2773
2925
3055
3170
3223
3257
3251
3202
3120
2992
2861
2684
2512
2315
2115
1906
1714
1510
1311
1121
951
807
687
593
550
527
526
569
636
746
870
1045
1221
1418
1616
1823
2014
2221
2416
2608
2771
2927
3057
3167
3222
3252
3250
3199
3119
2991
2862
2685
2513
2314
2114
1910
1713
1507
1310
1119
949
806
688
597
549
523
527
570
635
743
866
1045
1222
1413
1616
1821
2014
2222
2416
2605
2773
2927
3056
3165
3220
3252
3251
3206
3121
2995
2858
2681
2512
2311
2115
1907
1715
1514
1314
1127
955
807
687
598
554
528
528
570
635
746
867
1043
1226
1411
1616
1823
2016
2222
2416
2608
2773
2925
3055
3167
3226
3254
3250
3201
3120
2992
2862
2685
2515
2315
2115
1906
1713
1510
1311
1119
950
806
686
595
549
523
528
565
635
746
866
1043
1222
1417
1617
1820
2013
2219
2416
2606
2773
2926
3054
3166
3223
3249
3249
3201
3120
2994
2861
2681
2514
2314
2115
1911
1717
1507
1311
1121
947
806
685
597
547
526
528
568
635
742
868
1040
1221
1415
1616
1823
2015
2221
2416
2606
2771
2925
3054
3164
3225
3249
3250
3200
3116
2992
2861
2683
2513
2309
2113
1905
1714
1507
1311
1119
951
811
687
593
551
527
528
571
636
747
867
1042
1223
1413
1617
1821
2011
2220
2413
2606
2769
2926
3056
3166
3225
3250
3251
3202
3120
2992
2862
2683
2512
2313
2117
1911
1717
1511
1310
1123
953
805
688
593
549
526
526
566
631
743
869
1044
1222
1412
1616
1818
2017
2223
2416
2608
2772
2927
3056
3163
3221
3250
3251
3205
3120
2991
2859
2681
2512
2310
2114
1909
1713
1507
1311
1120
951
811
686
592
549
525
528
571
638
745
869
1043
1226
1413
1616
1820
2013
2219
2415
2608
2768
2927
3055
3159
3219
3251
3248
3203
3121
2993
2861
2682
2512
2309
2114
1907
1714
1507
1312
1123
949
807
688
592
551
527
528
569
637
745
867
1042
1223
1411
1617
1820
2014
2217
2415
2608
2769
2926
3052
3163
3223
3254
3251
3200
3121
2992
2859
2685
2517
2313
2115
1914
1713
1507
1312
1121
949
804
686
598
550
527
528
571
635
746
867
1050
1223
1416
1617
1821
2015
2219
2416
2608
2774
2925
3054
3165
3222
3251
3249
3204
3121
2992
2861
2686
2513
2313
2115
1906
1712
1507
1312
1121
951
806
688
594
550
528
528
567
631
747
867
1046
1223
1414
1617
1819
2017
2221
2416
2603
2771
2926
3056
3166
3221
3255
3251
3200
3120
2994
2861
2681
2513
2311
2115
1909
1717
1509
1313
1122
949
807
688
598
547
526
526
568
634
746
866
1040
1219
1413
1616
1819
2014
2218
2415
2606
2769
2921
3055
3163
3218
3253
3248
3202
3120
2992
2858
2682
2512
2312
2113
1910
1713
1506
1313
1123
949
806
685
592
549
526
526
570
632
746
870
1041
1220
1414
1619
1818
2014
2222
2415
2604
2768
2925
3055
3167
3219
3254
3254
3202
3120
2993
2859
2685
2513
2313
2114
1909
1717
1509
1312
1119
953
807
688
599
546
526
526
571
635
744
869
1042
1223
1414
1617
1819
2014
2221
2414
2606
2771
2922
3056
3159
3221
3250
3250
3200
3120
2992
2860
2682
2512
2310
2117
1906
1712
1507
1308
1121
951
807
686
595
548
526
528
566
634
746
871
1042
1223
1411
1617
1822
2014
2222
2416
2608
2773
2925
3055
3165
3218
3253
3253
3205
3120
2992
2859
2681
2512
2314
2117
1911
1717
1508
1310
1124
950
809
688
593
549
524
528
570
639
745
870
1040
1221
1410
1616
1821
2015
2217
2416
2603
2771
2925
3053
3157
3222
3253
3250
3204
3119
2992
2862
2681
2515
2311
2115
1905
1714
1508
1310
1123
951
809
686
593
547
528
526
570
634
747
870
1043
1222
1415
1616
1819
2015
2221
2416
2608
2773
2921
3056
3165
3222
3253
3252
3207
3120
2992
2860
2682
2512
2314
2117
1907
1712
1506
1313
1123
950
810
686
598
549
511
528
571
634
746
868
1042
1222
1414
1618
1821
2015
2219
2416
2608
2771
2927
3056
3163
3222
3253
3250
3202
3120
2992
2859
2681
2512
2318
2115
1909
1715
1511
1311
1122
953
810
688
594
551
526
528
569
635
743
866
1040
1225
1411
1617
1823
2013
2223
2414
2608
2774
2923
3056
3165
3221
3253
3250
3205
3124
2991
2857
2682
2513
2313
2115
1914
1715
1511
1312
1120
951
810
688
593
549
528
528
571
635
745
869
1043
1222
1414
1617
1819
2016
2222
2416
2607
2769
2925
3056
3162
3221
3251
3248
3201
3120
2992
2861
2685
2513
2311
2115
1909
1717
1508
1312
1123
949
809
688
594
549
526
528
566
634
742
869
1044
1222
1415
1616
1822
2018
2223
2415
2607
2770
2923
3055
3165
3221
3250
3250
3199
3121
2993
2859
2683
2512
2315
2114
1915
1712
1507
1313
1119
949
805
688
593
549
524
528
570
638
743
869
1045
1221
1413
1616
1822
2011
2217
2414
2608
2771
2921
3054
3166
3221
3250
3248
3200
3120
2992
2862
2683
2513
2313
2114
1910
1715
1507
1309
1123
947
806
688
595
552
523
529
571
634
743
869
1042
1223
1413
1616
1821
2013
2221
2413
2607
2773
2924
3056
3163
3223
3252
3252
3202
3123
2993
2858
2684
2515
2311
2114
1910
1714
1506
1309
1119
948
807
688
597
548
526
527
567
635
741
869
1043
1220
1411
1616
1818
2020
2222
2414
2605
2773
2926
3055
3163
3220
3253
3250
3198
3119
2992
2857
2686
2512
2309
2117
1907
1713
1506
1313
1123
951
810
688
595
551
527
528
569
631
740
870
1045
1223
1414
1619
1822
2015
2217
2416
2608
2772
2926
3056
3165
3225
3251
3248
3200
3120
2992
2860
2683
2512
2311
2114
1911
1715
1510
1309
1121
951
806
688
595
554
525
525
570
638
745
870
1043
1218
1413
1617
1821
2019
2221
2416
2605
2771
2924
3055
3163
3225
3254
3253
3203
3120
2992
2858
2683
2512
2313
2117
1907
1714
1504
1311
1123
950
806
688
599
551
525
528
569
635
742
870
1041
1222
1414
1619
1819
2013
2219
2415
2608
2768
2925
3056
3162
3225
3251
3248
3201
3120
2992
2862
2681
2513
2310
2116
1909
1713
1508
1309
1125
950
807
687
597
551
523
528
566
635
742
869
1044
1223
1413
1617
1822
2013
2222
2415
2608
2768
2928
3056
3162
3218
3251
3249
3201
3120
2992
2858
2684
2515
2313
2117
1907
1714
1507
1313
1119
951
803
688
595
545
523
528
567
636
745
870
1043
1221
1413
1616
1822
2017
2222
2416
2606
2772
2925
3055
3163
3221
3255
3249
3199
3120
2991
2859
2686
2512
2315
2113
1908
1714
1512
1311
1122
953
809
688
594
549
523
526
570
635
743
870
1041
1225
1414
1617
1820
2015
2219
2415
2607
2771
2926
3056
3160
3217
3251
3251
3202
3119
2993
2858
2684
2514
2317
2114
1906
1715
1510
1311
1119
951
807
688
595
547
527
528
569
635
743
866
1043
1223
1414
1616
1819
2018
2222
2414
2608
2768
2924
3056
3162
3226
3250
3249
3201
3119
2993
2857
2681
2512
2318
2113
1906
1714
1507
1314
1121
949
807
685
597
547
524
528
566
638
743
871
1043
1223
1411
1616
1820
2015
2219
2415
2607
2770
2925
3056
3164
3225
3258
3250
3206
3120
2991
2858
2682
2513
2311
2117
1906
1715
1513
1311
1122
949
807
687
595
550
525
528
569
638
741
869
1043
1220
1414
1617
1820
2013
2220
2416
2608
2773
2927
3055
3163
3221
3256
3249
3201
3120
2993
2858
2683
2513
2311
2113
1909
1713
1506
1313
1125
951
805
686
596
555
525
527
570
631
742
867
1043
1221
1415
1617
1819
2011
2221
2416
2607
2771
2926
3056
3161
3217
3252
3249
3202
3120
2992
2864
2683
2512
2315
2116
1911
1715
1509
1311
1122
951
805
688
595
546
528
528
566
640
744
869
1042
1223
1415
1618
1820
2015
2222
2414
2607
2775
2926
3056
3161
3217
3251
3249
3199
3120
2992
2862
2683
2513
2315
2117
1910
1714
1513
1310
1123
949
806
687
594
547
527
528
569
638
742
870
1042
1221
1414
1618
1821
2012
2220
2416
2608
2770
2925
3056
3162
3228
3254
3251
3201
3120
2991
2861
2685
2512
2310
2116
1905
1712
1509
1312
1121
950
804
688
597
545
526
526
567
630
743
870
1045
1218
1411
1617
1821
2011
2214
2414
2608
2773
2925
3056
3165
3223
3252
3251
3201
3119
2991
2858
2682
2513
2313
2115
1910
1713
1505
1308
1122
951
807
688
598
549
525
528
567
634
746
870
1040
1222
1413
1617
1823
2017
2221
2416
2606
2771
2926
3056
3165
3221
3252
3248
3201
3122
2993
2864
2682
2513
2310
2113
1907
1718
1509
1313
1120
956
806
688
595
545
528
528
568
631
743
870
1043
1220
1413
1617
1821
2011
2221
2414
2606
2768
2925
3056
3166
3226
3252
3249
3203
3119
2992
2859
2683
2512
2315
2113
1908
1712
1509
1311
1119
951
806
688
598
547
527
528
568
634
742
867
1045
1226
1414
1617
1820
2016
2218
2416
2607
2769
2927
3054
3163
3225
3254
3248
3201
3121
2992
2860
2682
2515
2317
2114
1907
1713
1508
1311
1121
949
807
688
596
549
528
528
568
631
741
866
1045
1223
1418
1619
1823
2015
2222
2415
2608
2774
2925
3055
3161
3217
3250
3249
3200
3120
2993
2862
2683
2512
2314
2113
1911
1714
1510
1309
1123
954
805
686
595
545
527
528
567
638
745
869
1045
1217
1414
1618
1822
2014
2219
2416
2608
2773
2926
3056
3168
3218
3253
3251
3203
3120
2992
2860
2686
2518
2313
2115
1909
1712
1507
1310
1123
948
807
687
597
548
527
528
565
630
745
870
1041
1216
1412
1619
1821
2015
2222
2416
2608
2774
2926
3056
3163
3222
3254
3253
3203
3120
2992
2862
2683
2514
2313
2116
1907
1713
1509
1311
1121
953
809
688
598
551
528
528
567
635
745
870
1042
1219
1414
1617
1822
2017
2219
2416
2605
2774
2927
3056
3163
3226
3253
3249
3200
3118
2992
2857
2683
2512
2314
2114
1907
1715
1507
1312
1119
950
806
688
593
547
525
524
569
636
743
869
1043
1222
1413
1618
1819
2015
2218
2416
2606
2768
2925
3055
3164
3221
3251
3253
3202
3120
2992
2858
2687
2512
2315
2115
1907
1714
1507
1311
1124
949
805
687
594
551
526
527
567
631
743
869
1042
1222
1410
1616
1820
2017
2222
2415
2606
2773
2923
3056
3164
3226
3253
3253
3202
3120
2993
2860
2683
2513
2315
2114
1909
1717
1507
1311
1123
954
810
688
593
554
524
528
571
635
746
870
1043
1222
1415
1617
1823
2012
2218
2414
2607
2768
2922
3056
3161
3221
3250
3249
3201
3119
2993
2855
2683
2512
2311
2116
1907
1712
1511
1311
1125
953
809
688
595
548
525
528
570
630
743
874
1042
1218
1414
1619
1820
2011
2219
2415
2607
2775
2927
3055
3162
3219
3254
3249
3201
3120
2992
2858
2681
2512
2310
2118
1905
1712
1507
1311
1123
951
807
688
594
547
527
527
569
633
743
870
1043
1223
1418
1617
1822
2017
2221
2414
2608
2773
2926
3056
3166
3223
3258
3254
3200
3120
2992
2858
2683
2514
2311
2114
1907
1715
1507
1311
1121
951
807
686
595
549
525
527
565
636
747
871
1043
1221
1413
1617
1819
2014
2219
2413
2607
2768
2925
3055
3163
3219
3251
3250
3199
3120
2992
2859
2685
2513
2315
2115
1905
1715
1510
1311
1120
953
803
688
595
547
526
526
566
629
741
867
1041
1219
1411
1616
1821
2013
2223
2416
2607
2772
2923
3056
3167
3221
3255
3252
3202
3120
2992
2859
2683
2512
2313
2114
1910
1713
1508
1309
1122
953
807
688
594
549
527
528
573
635
746
868
1043
1217
1413
1617
1819
2013
2219
2413
2608
2769
2926
3056
3164
3223
3252
3251
3202
3120
2992
2858
2684
2512
2311
2114
1907
1713
1507
1313
1123
951
809
688
595
549
523
527
566
633
745
870
1042
1222
1414
1616
1821
2013
2219
2415
2605
2771
2926
3054
3165
3227
3254
3249
3202
3120
2992
2859
2685
2513
2311
2118
1908
1712
1508
1311
1121
951
807
687
593
551
525
528
569
631
743
867
1045
1219
1411
1618
1822
2017
2219
2415
2608
2768
2924
3056
3164
3221
3250
3250
3201
3120
2992
2858
2683
2512
2311
2114
1911
1714
1508
1311
1123
951
806
688
594
551
523
528
570
636
744
867
1042
1219
1416
1617
1823
2014
2221
2412
2607
2771
2925
3056
3164
3219
3253
3251
3201
3120
2994
2861
2683
2512
2313
2114
1907
1717
1507
1310
1122
947
807
687
593
547
526
526
567
633
744
869
1045
1217
1415
1616
1819
2018
2221
2414
2605
2769
2923
3056
3166
3223
3252
3249
3200
3120
2992
2859
2685
2512
2311
2115
1909
1714
1508
1311
1122
951
809
688
594
547
525
527
569
635
747
866
1045
1220
1414
1617
1823
2016
2222
2413
2607
2771
2924
3056
3162
3219
3253
3250
3200
3120
2991
2859
2679
2512
2314
2114
1907
1713
1507
1314
1121
950
806
685
593
548
528
527
568
635
745
870
1042
1223
1413
1617
1819
2012
2219
2414
2608
2773
2923
3056
3165
3227
3251
3248
3202
3118
2992
2859
2683
2513
2311
2117
1909
1719
1507
1312
1121
953
807
687
594
547
525
528
570
634
742
866
1045
1221
1416
1618
1821
2014
2223
2416
2608
2772
2925
3057
3165
3223
3250
3249
3201
3120
2992
2859
2685
2515
2314
2112
1911
1714
1507
1311
1122
950
809
688
597
551
528
528
569
634
744
868
1044
1225
1415
1617
1823
2015
2219
2413
2608
2771
2923
3056
3166
3222
3253
3248
3202
3120
2992
2861
2682
2513
2314
2114
1908
1714
1505
1311
1123
950
811
688
594
546
526
528
566
631
745
869
1042
1223
1414
1616
1821
2014
2223
2416
2607
2774
2929
3057
3166
3222
3255
3251
3201
3120
2993
2857
2683
2512
2311
2114
1909
1713
1509
1311
1120
955
809
689
595
548
525
528
570
636
743
871
1044
1219
1413
1616
1820
2014
2221
2415
2607
2771
2926
3056
3165
3223
3251
3251
3200
3120
2993
2859
2685
2512
2315
2116
1907
1712
1507
1311
1121
955
806
688
593
547
527
527
569
635
745
872
1047
1219
1418
1616
1823
2018
2221
2416
2607
2771
2927
3056
3163
3223
3257
3251
3205
3120
2991
2858
2683
2512
2314
2114
1910
1715
1508
1312
1121
950
803
687
593
547
528
528
568
634
745
871
1046
1222
1414
1616
1822
2016
2221
2416
2608
2773
2926
3056
3163
3226
3253
3251
3203
3120
2992
2859
2685
2512
2315
2115
1909
1713
1509
1313
1121
951
807
685
594
550
528
528
570
635
742
866
1042
1225
1415
1618
1822
2014
2219
2414
2607
2770
2927
3057
3167
3222
3249
3251
3201
3120
2992
2862
2683
2513
2313
2118
1907
1716
1511
1312
1123
953
806
688
592
547
526
526
570
637
743
867
1043
1219
1417
1616
1824
2011
2223
2416
2608
2771
2926
3056
3163
3222
3254
3250
3202
3120
2992
2860
2679
2514
2313
2118
1911
1715
1507
1307
1121
949
807
686
598
551
523
528
567
637
743
867
1043
1222
1413
1618
1822
2015
2217
2413
2607
2771
2923
3056
3165
3222
3249
3249
3200
3120
2992
2861
2681
2514
2315
2117
1909
1717
1511
1311
1125
951
810
685
594
549
526
528
567
635
743
868
1043
1222
1415
1616
1819
2015
2217
2415
2608
2772
2924
3055
3165
3221
3252
3251
3201
3120
2995
2859
2682
2513
2313
2116
1910
1714
1510
1310
1120
951
810
688
592
551
527
527
569
634
741
868
1043
1220
1413
1618
1822
2016
2217
2416
2607
2769
2923
3056
3165
3223
3255
3251
3200
3120
2991
2860
2684
2512
2310
2115
1909
1712
1507
1310
1122
949
805
687
595
549
526
527
566
634
745
869
1044
1219
1415
1617
1821
2014
2222
2415
2607
2773
2928
3055
3166
3222
3250
3251
3201
3120
2992
2858
2683
2512
2311
2115
1913
1714
1511
1309
1122
949
805
688
593
550
524
529
566
633
743
869
1042
1222
1418
1618
1822
2018
2220
2416
2608
2773
2926
3056
3162
3222
3253
3250
3201
3120
2992
2859
2683
2513
2314
2115
1907
1713
1509
1309
1122
949
805
687
595
549
525
528
566
634
741
865
1047
1222
1411
1618
1823
2017
2218
2415
2607
2769
2923
3056
3163
3221
3250
3249
3200
3119
2992
2861
2685
2513
2311
2116
1909
1713
1511
1312
1121
950
808
688
594
550
511
527
566
634
745
867
1043
1222
1415
1616
1821
2014
2223
2416
2607
2768
2923
3055
3163
3222
3252
3253
3201
3120
2992
2859
2686
2512
2311
2115
1910
1715
1508
1311
1121
949
809
685
593
552
527
527
567
636
742
867
1042
1221
1415
1618
1823
2015
2221
2415
2608
2768
2924
3055
3158
3223
3251
3249
3200
3120
2991
2859
2683
2513
2314
2114
1908
1712
1509
1312
1125
950
810
687
595
549
525
528
569
633
744
866
1042
1222
1414
1619
1821
2016
2221
2416
2608
2771
2926
3055
3165
3229
3251
3248
3202
3120
2992
2861
2685
2512
2314
2113
1909
1713
1508
1313
1120
953
807
688
595
547
524
527
568
634
741
873
1043
1221
1415
1616
1822
2015
2222
2415
2608
2771
2924
3055
3163
3220
3250
3253
3200
3121
2992
2859
2685
2515
2311
2113
1907
1715
1507
1311
1123
952
805
688
593
549
527
528
565
631
743
867
1042
1221
1417
1616
1821
2015
2220
2411
2608
2771
2921
3055
3165
3227
3250
3249
3201
3120
2993
2861
2686
2515
2311
2116
1913
1714
1509
1310
1121
951
805
686
596
549
527
528
568
631
740
871
1045
1221
1411
1618
1821
2015
2223
2415
2607
2771
2926
3056
3162
3225
3251
3251
3201
3122
2995
2864
2683
2514
2315
2113
1909
1712
1505
1312
1123
951
806
688
595
550
526
528
569
634
743
868
1046
1223
1417
1618
1818
2015
2222
2416
2606
2771
2925
3054
3163
3222
3257
3249
3200
3118
2992
2855
2685
2515
2315
2115
1908
1717
1505
1313
1119
951
806
686
595
549
527
527
570
636
745
870
1043
1221
1414
1617
1822
2016
2220
2416
2606
2768
2924
3054
3165
3218
3248
3250
3202
3122
2993
2861
2684
2513
2314
2118
1910
1713
1511
1307
1120
954
804
687
595
547
524
525
573
633
743
870
1043
1220
1410
1616
1820
2014
2214
2416
2607
2770
2927
3056
3162
3225
3258
3251
3200
3120
2992
2860
2681
2513
2313
2115
1909
1713
1505
1311
1122
949
807
687
595
551
528
529
567
633
745
866
1046
1221
1418
1616
1820
2015
2223
2416
2608
2771
2928
3055
3163
3220
3251
3248
3201
3121
2992
2862
2683
2515
2317
2115
1910
1713
1510
1311
1121
947
807
688
595
547
527
528
567
631
742
873
1045
1222
1418
1616
1821
2013
2218
2415
2608
2771
2927
3056
3163
3221
3251
3250
3202
3120
2994
2861
2685
2512
2309
2115
1908
1713
1511
1311
1121
951
811
688
598
548
527
527
569
633
741
871
1045
1222
1413
1617
1823
2015
2224
2416
2607
2771
2923
3054
3163
3219
3249
3248
3201
3121
2991
2858
2685
2514
2313
2114
1909
1715
1506
1310
1123
950
809
688
595
551
526
528
566
635
739
868
1042
1223
1413
1617
1821
2016
2220
2415
2606
2771
2926
3054
3165
3221
3253
3248
3200
3119
2992
2858
2681
2512
2311
2115
1908
1712
1513
1311
1123
949
806
687
594
549
511
528
570
635
744
871
1042
1219
1419
1616
1823
2014
2221
2415
2607
2769
2925
3053
3161
3221
3251
3250
3201
3120
2992
2857
2682
2513
2311
2115
1907
1718
1515
1312
1123
951
811
689
598
547
511
528
567
635
748
873
1043
1226
1413
1618
1822
2015
2224
2416
2608
2771
2926
3055
3165
3222
3252
3249
3199
3120
2993
2857
2683
2512
2310
2118
1908
1713
1505
1311
1123
951
805
688
595
551
527
527
567
636
740
871
1044
1222
1411
1616
1819
2015
2214
2415
2608
2771
2927
3056
3164
3220
3252
3250
3201
3121
2993
2863
2682
2513
2307
2114
1910
1715
1509
1311
1121
953
808
688
597
546
527
528
571
636
745
871
1045
1221
1415
1616
1821
2015
2221
2416
2607
2771
2928
3056
3166
3223
3258
3248
3200
3120
2992
2858
2683
2515
2314
2113
1906
1715
1507
1311
1123
951
805
688
594
550
528
528
563
635
747
871
1041
1223
1409
1617
1816
2011
2221
2416
2606
2773
2928
3056
3164
3219
3250
3249
3203
3122
2992
2862
2683
2514
2314
2115
1908
1713
1509
1312
1121
950
810
688
594
553
523
528
569
634
743
869
1043
1219
1419
1617
1823
2013
2221
2416
2609
2773
2925
3056
3164
3221
3255
3251
3201
3119
2995
2859
2681
2512
2314
2117
1907
1717
1507
1310
1124
953
806
688
597
549
527
528
567
634
743
866
1044
1223
1413
1617
1820
2015
2224
2415
2608
2771
2922
3055
3163
3223
3257
3249
3200
3120
2992
2857
2683
2515
2315
2115
1907
1713
1509
1312
1123
953
807
688
595
547
523
528
570
635
739
869
1044
1222
1415
1618
1821
2013
2219
2414
2608
2770
2925
3056
3166
3225
3253
3251
3205
3120
2992
2860
2683
2512
2315
2113
1907
1714
1510
1312
1123
950
805
688
594
548
526
526
567
631
741
870
1042
1222
1410
1619
1819
2015
2217
2416
2607
2773
2924
3056
3164
3222
3251
3251
3202
3119
2992
2858
2683
2513
2311
2113
1910
1715
1508
1315
1122
954
807
688
594
550
525
528
571
634
743
868
1042
1225
1415
1617
1821
2015
2221
2415
2608
2772
2926
3058
3166
3221
3253
3250
3201
3119
2991
2859
2682
2513
2314
2117
1907
1713
1513
1312
1122
951
807
687
593
548
528
527
566
637
746
871
1041
1223
1414
1617
1823
2016
2219
2414
2606
2771
2923
3054
3159
3223
3248
3249
3200
3120
2992
2859
2683
2512
2311
2114
1914
1715
1506
1311
1119
951
803
687
594
549
528
526
567
635
747
870
1043
1223
1413
1616
1823
2015
2220
2416
2606
2773
2927
3056
3159
3223
3259
3248
3201
3120
2992
2859
2681
2513
2309
2113
1910
1715
1511
1311
1123
949
806
687
596
547
527
526
567
635
740
870
1043
1224
1419
1616
1822
2015
2220
2416
2607
2772
2922
3056
3165
3226
3253
3248
3203
3120
2992
2859
2685
2514
2311
2114
1909
1714
1509
1311
1121
950
805
688
594
547
528
528
565
634
747
869
1044
1223
1418
1617
1821
2015
2222
2416
2608
2774
2928
3056
3165
3225
3252
3251
3200
3121
2997
2861
2682
2514
2309
2112
1914
1715
1507
1314
1119
950
804
687
595
553
524
527
567
633
748
871
1043
1221
1417
1616
1824
2015
2223
2413
2606
2771
2928
3055
3167
3223
3250
3251
3202
3120
2992
2858
2684
2513
2319
2118
1909
1714
1511
1311
1125
954
811
688
598
550
526
528
567
635
737
871
1041
1223
1415
1619
1823
2015
2223
2416
2606
2771
2923
3056
3163
3221
3257
3249
3201
3120
2992
2859
2687
2514
2311
2114
1907
1714
1515
1310
1122
953
811
686
595
554
527
528
566
635
742
869
1047
1221
1415
1616
1819
2015
2219
2415
2608
2773
2927
3056
3163
3225
3251
3250
3205
3120
2993
2861
2682
2513
2312
2115
1906
1714
1508
1310
1123
950
813
685
595
550
527
528
570
634
748
867
1045
1222
1418
1617
1825
2015
2221
2416
2606
2773
2928
3057
3163
3223
3255
3255
3203
3120
2992
2861
2686
2518
2314
2117
1910
1713
1508
1312
1121
951
805
688
594
553
527
528
567
633
746
870
1045
1221
1415
1616
1822
2015
2222
2415
2608
2773
2925
3056
3165
3223
3255
3251
3202
3120
2992
2863
2684
2512
2314
2117
1908
1717
1508
1313
1119
949
805
687
595
550
526
528
567
634
741
871
1044
1223
1417
1620
1821
2017
2218
2415
2607
2771
2926
3056
3163
3225
3255
3251
3199
3120
2992
2861
2684
2513
2314
2114
1909
1713
1511
1314
1123
950
810
688
595
551
525
526
567
631
746
867
1045
1222
1410
1617
1822
2014
2220
2413
2608
2771
2926
3054
3163
3221
3251
3249
3197
3120
2993
2860
2683
2512
2315
2117
1910
1717
1507
1311
1125
951
807
687
595
550
528
527
569
633
743
869
1041
1221
1418
1616
1819
2015
2222
2415
2608
2774
2928
3056
3163
3220
3258
3249
3202
3121
2992
2859
2684
2512
2310
2117
1909
1717
1509
1311
1127
954
806
688
594
550
511
527
567
635
743
868
1043
1222
1413
1617
1823
2015
2219
2416
2608
2773
2927
3053
3162
3223
3251
3254
3201
3120
2995
2857
2685
2514
2313
2117
1910
1715
1509
1311
1126
950
811
687
595
549
526
526
568
634
745
868
1042
1219
1415
1617
1819
2019
2222
2416
2610
2775
2926
3054
3162
3223
3259
3248
3200
3120
2992
2855
2685
2515
2311
2113
1907
1715
1509
1309
1123
950
810
687
593
549
528
528
566
634
745
871
1044
1221
1418
1618
1823
2015
2219
2416
2608
2774
2923
3056
3155
3222
3254
3250
3202
3121
2992
2862
2683
2515
2314
2118
1909
1714
1509
1311
1125
951
811
687
595
550
527
526
569
634
741
869
1042
1220
1417
1619
1817
2014
2218
2416
2601
2771
2927
3055
3163
3221
3256
3253
3201
3121
2992
2859
2686
2513
2314
2115
1909
1716
1510
1310
1121
952
807
688
595
547
526
528
570
634
745
869
1044
1221
1414
1616
1823
2016
2223
2416
2606
2771
2923
3056
3163
3222
3250
3250
3202
3120
2992
2858
2685
2513
2318
2115
1907
1713
1507
1311
1123
949
805
688
593
551
524
528
566
633
745
869
1042
1221
1413
1617
1820
2013
2222
2416
2604
2769
2926
3055
3165
3222
3254
3248
3200
3119
2992
2860
2683
2513
2311
2115
1909
1713
1511
1312
1123
949
808
686
594
549
526
527
567
635
746
868
1043
1222
1418
1617
1821
2015
2222
2415
2608
2773
2927
3056
3161
3227
3252
3253
3201
3120
2992
2859
2683
2514
2315
2115
1907
1716
1512
1312
1120
954
806
687
594
549
525
528
567
635
745
870
1044
1218
1411
1617
1822
2015
2223
2414
2608
2773
2928
3056
3163
3226
3255
3248
3204
3120
2992
2858
2682
2512
2311
2114
1906
1714
1508
1310
1124
951
807
688
593
551
526
528
568
634
742
873
1042
1221
1418
1619
1819
2014
2221
2416
2607
2769
2925
3056
3162
3218
3250
3248
3200
3120
2993
2859
2683
2513
2314
2114
1910
1714
1507
1313
1122
949
805
688
595
551
527
525
570
634
746
868
1041
1221
1415
1617
1820
2015
2219
2416
2607
2770
2925
3056
3163
3222
3251
3247
3199
3120
2992
2861
2679
2513
2310
2116
1909
1717
1510
1309
1125
953
810
683
593
549
527
526
570
631
745
870
1043
1223
1413
1618
1822
2015
2222
2418
2606
2771
2923
3056
3162
3223
3253
3248
3200
3120
2992
2859
2683
2514
2311
2116
1907
1715
1506
1309
1123
954
807
688
595
551
527
528
567
635
745
872
1045
1221
1411
1617
1821
2015
2222
2416
2605
2769
2925
3056
3167
3221
3252
3254
3202
3119
2993
2857
2682
2514
2311
2116
1909
1714
1510
1307
1120
950
809
686
593
548
524
528
570
631
742
871
1041
1224
1415
1616
1819
2014
2218
2415
2607
2770
2925
3059
3165
3222
3253
3255
3201
3119
2993
2859
2683
2513
2313
2117
1908
1713
1509
1311
1120
950
807
688
595
549
527
528
566
637
745
867
1041
1225
1414
1618
1821
2016
2221
2416
2606
2772
2927
3054
3160
3221
3251
3249
3200
3120
2992
2863
2682
2512
2310
2114
1911
1716
1509
1311
1121
949
805
688
593
549
525
528
569
632
745
869
1043
1223
1414
1616
1818
2015
2220
2412
2605
2770
2922
3056
3162
3222
3253
3248
3201
3120
2992
2859
2682
2513
2316
2114
1911
1715
1508
1311
1122
951
806
686
594
548
523
528
565
634
743
871
1046
1222
1414
1617
1821
2017
2223
2416
2607
2770
2926
3056
3165
3223
3251
3251
3200
3120
2992
2861
2683
2513
2317
2113
1907
1714
1510
1310
1122
953
809
687
595
549
526
528
570
633
745
868
1041
1222
1416
1616
1822
2017
2219
2415
2606
2770
2928
3056
3166
3221
3252
3254
3204
3120
2992
2859
2684
2513
2314
2115
1907
1714
1508
1309
1119
949
806
688
595
549
511
525
570
633
741
871
1045
1223
1414
1617
1822
2015
2223
2414
2606
2771
2919
3056
3163
3221
3254
3249
3200
3120
2993
2859
2682
2513
2313
2118
1911
1715
1511
1312
1119
951
805
688
594
549
527
526
567
634
743
865
1046
1221
1415
1616
1820
2015
2221
2416
2608
2772
2927
3056
3162
3222
3255
3249
3201
3120
2992
2863
2683
2512
2313
2115
1907
1714
1510
1311
1121
951
805
688
594
549
528
528
570
633
743
870
1044
1222
1413
1617
1821
2018
2222
2416
2607
2771
2927
3057
3165
3221
3255
3248
3201
3120
2993
2860
2685
2512
2311
2114
1908
1714
1509
1310
1125
951
809
686
594
551
525
528
566
635
743
874
1042
1223
1415
1616
1822
2014
2219
2413
2608
2772
2923
3055
3165
3220
3254
3252
3202
3121
2992
2858
2683
2512
2313
2118
1904
1713
1509
1310
1123
950
803
687
595
548
526
528
568
634
746
867
1044
1219
1413
1616
1823
2015
2224
2413
2608
2772
2925
3056
3166
3226
3252
3253
3201
3120
2993
2861
2687
2515
2317
2114
1908
1715
1509
1311
1123
951
809
688
598
549
526
527
571
634
743
870
1045
1221
1414
1617
1818
2015
2221
2413
2608
2773
2925
3056
3157
3224
3253
3248
3202
3120
2992
2857
2679
2512
2311
2117
1906
1713
1509
1311
1120
951
807
687
593
548
525
528
568
635
746
873
1043
1225
1416
1616
1821
2013
2223
2413
2608
2771
2926
3056
3164
3221
3255
3250
3202
3121
2992
2855
2685
2514
2311
2115
1909
1715
1514
1310
1122
949
807
688
593
549
526
526
567
631
746
869
1043
1219
1417
1616
1819
2017
2221
2416
2608
2768
2924
3055
3162
3218
3251
3251
3202
3120
2992
2859
2679
2514
2314
2119
1906
1713
1507
1311
1119
949
806
688
595
546
527
528
567
634
746
868
1042
1225
1415
1618
1820
2015
2220
2416
2608
2775
2925
3056
3164
3220
3251
3249
3200
3120
2992
2860
2683
2514
2317
2115
1909
1713
1509
1313
1123
954
807
688
595
549
525
528
570
631
744
870
1043
1220
1414
1617
1820
2017
2222
2416
2608
2774
2926
3056
3163
3221
3251
3252
3205
3121
2997
2863
2682
2513
2314
2114
1907
1718
1511
1311
1125
951
807
687
595
551
528
526
567
636
745
873
1042
1221
1415
1617
1820
2014
2223
2416
2607
2772
2926
3056
3163
3221
3255
3248
3201
3120
2993
2864
2683
2516
2316
2115
1909
1715
1510
1310
1122
956
810
687
593
547
527
529
565
635
747
870
1042
1218
1415
1618
1821
2015
2223
2413
2608
2773
2925
3057
3166
3226
3250
3257
3202
3121
2992
2859
2682
2513
2313
2113
1909
1715
1507
1309
1123
954
810
688
597
549
526
528
571
636
743
870
1045
1226
1414
1617
1819
2014
2221
2415
2607
2769
2923
3056
3163
3223
3254
3251
3201
3120
2992
2858
2685
2513
2317
2117
1908
1713
1510
1312
1125
951
806
688
598
555
527
527
570
634
742
869
1041
1220
1415
1616
1819
2018
2222
2413
2608
2769
2926
3055
3159
3223
3255
3251
3201
3120
2992
2859
2685
2515
2315
2113
1911
1717
1510
1312
1123
947
809
685
593
550
526
528
568
638
743
865
1042
1226
1417
1617
1821
2014
2221
2413
2605
2770
2925
3054
3164
3226
3249
3253
3200
3125
2992
2859
2683
2514
2316
2115
1911
1717
1507
1311
1122
953
808
685
597
549
526
528
571
636
742
869
1043
1224
1413
1620
1820
2016
2222
2417
2608
2774
2925
3056
3164
3223
3258
3252
3203
3120
2993
2862
2683
2515
2314
2117
1911
1714
1510
1311
1122
950
806
689
597
549
526
527
566
635
742
873
1043
1221
1414
1614
1820
2015
2222
2411
2607
2773
2927
3056
3159
3221
3253
3249
3200
3121
2992
2859
2679
2512
2314
2112
1908
1712
1507
1311
1122
949
807
689
599
549
527
528
566
637
746
870
1043
1223
1417
1617
1819
2015
2221
2416
2608
2770
2925
3055
3163
3222
3254
3251
3200
3120
2992
2859
2683
2514
2313
2117
1906
1712
1509
1312
1121
951
805
688
594
548
525
528
569
634
743
865
1041
1222
1413
1619
1821
2015
2220
2415
2608
2772
2927
3056
3165
3227
3255
3257
3203
3120
2993
2860
2687
2514
2315
2118
1906
1712
1509
1309
1123
950
806
688
594
546
526
525
569
633
743
871
1041
1221
1413
1616
1824
2013
2221
2416
2607
2770
2924
3055
3165
3220
3253
3248
3200
3120
2992
2858
2685
2513
2313
2116
1906
1712
1509
1307
1118
950
805
685
595
551
526
525
570
632
743
870
1042
1221
1414
1615
1821
2015
2219
2416
2607
2773
2925
3056
3159
3218
3251
3248
3203
3120
2994
2860
2684
2514
2313
2119
1906
1718
1509
1309
1121
949
807
688
595
549
528
527
567
635
743
869
1041
1221
1414
1617
1822
2015
2223
2416
2607
2773
2927
3056
3163
3225
3257
3254
3201
3120
2993
2858
2686
2512
2317
2117
1909
1717
1509
1315
1122
951
805
688
593
550
527
528
571
636
746
871
1041
1223
1415
1617
1819
2017
2222
2413
2608
2771
2925
3056
3167
3223
3255
3248
3200
3123
2992
2864
2684
2514
2319
2114
1910
1715
1509
1311
1123
949
807
688
596
549
525
528
571
635
742
870
1041
1221
1415
1616
1823
2013
2218
2416
2606
2771
2922
3055
3159
3221
3255
3250
3200
3119
2992
2859
2683
2513
2314
2117
1909
1713
1508
1315
1120
951
805
687
593
547
527
528
567
636
745
868
1045
1221
1415
1620
1821
2014
2223
2415
2606
2769
2926
3056
3167
3226
3253
3251
3199
3120
2992
2859
2683
2512
2314
2115
1907
1717
1509
1312
1122
949
806
688
597
550
528
528
567
635
744
869
1045
1221
1414
1616
1823
2017
2220
2415
2607
2775
2926
3056
3162
3221
3254
3253
3203
3121
2992
2859
2685
2515
2314
2118
1909
1713
1507
1313
1124
947
804
688
593
550
527
528
567
633
747
867
1045
1221
1411
1619
1819
2015
2221
2416
2608
2773
2926
3056
3166
3223
3251
3248
3200
3120
2992
2858
2682
2512
2311
2114
1907
1714
1509
1309
1119
954
807
688
595
550
527
528
571
633
741
868
1043
1223
1414
1619
1822
2015
2221
2416
2605
2771
2927
3056
3163
3222
3252
3251
3200
3120
2993
2861
2685
2512
2311
2114
1907
1713
1510
1309
1123
951
806
687
595
550
525
528
570
634
746
868
1042
1223
1417
1621
1821
2014
2218
2416
2605
2769
2927
3053
3163
3221
3250
3248
3200
3117
2992
2853
2685
2512
2313
2116
1908
1714
1509
1311
1121
948
809
685
595
550
523
528
566
634
745
868
1042
1221
1414
1616
1823
2015
2220
2414
2608
2768
2928
3055
3163
3223
3253
3251
3200
3120
2992
2862
2685
2514
2315
2117
1909
1717
1509
1311
1121
950
809
688
597
550
526
528
566
635
743
869
1041
1221
1414
1616
1821
2015
2222
2416
2607
2771
2924
3056
3165
3223
3254
3249
3200
3120
2993
2860
2682
2514
2311
2116
1910
1712
1510
1313
1121
954
810
688
593
548
528
529
569
635
742
874
1045
1221
1413
1616
1819
2014
2222
2413
2607
2769
2924
3054
3162
3223
3251
3249
3200
3120
2992
2859
2683
2513
2313
2113
1906
1714
1508
1311
1121
950
807
688
594
547
527
527
573
635
743
867
1045
1222
1413
1617
1821
2015
2222
2416
2605
2773
2928
3057
3159
3223
3255
3252
3200
3119
2992
2861
2686
2514
2314
2113
1909
1713
1507
1310
1122
949
809
689
594
550
523
527
571
635
743
870
1045
1222
1414
1617
1824
2016
2224
2415
2606
2773
2927
3056
3162
3219
3251
3253
3202
3121
2992
2861
2686
2515
2312
2115
1909
1714
1509
1312
1123
949
807
686
595
551
527
528
570
634
743
871
1044
1223
1410
1619
1823
2014
2222
2416
2608
2772
2924
3056
3165
3222
3250
3250
3199
3120
2992
2859
2682
2512
2314
2115
1907
1712
1510
1310
1123
951
809
688
593
548
528
528
569
635
742
870
1043
1223
1417
1617
1821
# end
