# waiting 600 s for thermal settle - press any key to skip
# warm 0 s
# ----------------------------------------------------------
# label,B1_ac_running
# mode,single
# n,16384
# fs_hz,1999.8779
# span_s,8.192000
# mean_code,1869.8461
# sd_code,959.8471
# min_code,511
# max_code,3262
# mean_volts,1.506836
# sd_millivolts,773.5031
# adc,12bit_default_11dB_attenuation
# conv,linear_3.3_over_4095
# ----------------------------------------------------------
2519
2320
2126
1913
1721
1518
1321
1127
959
809
687
597
553
527
528
572
633
742
870
1037
1213
1408
1614
1814
2007
2211
2411
2602
2770
2922
3057
3167
3225
3258
3254
3209
3126
2998
2864
2690
2519
2320
2126
1919
1719
1515
1319
1125
954
811
688
596
550
523
528
570
630
746
866
1040
1217
1408
1613
1811
2007
2212
2411
2602
2769
2919
3056
3168
3227
3258
3255
3205
3125
2993
2864
2691
2518
2320
2123
1917
1721
1519
1317
1126
957
810
688
595
547
525
528
565
628
746
866
1040
1216
1408
1612
1813
2009
2212
2411
2602
2768
2923
3056
3167
3229
3254
3259
3203
3125
2997
2862
2687
2521
2319
2123
1918
1717
1514
1316
1124
954
811
688
594
549
525
527
565
630
738
867
1040
1215
1407
1613
1813
2006
2212
2410
2606
2769
2923
3054
3167
3225
3258
3254
3203
3126
2997
2864
2687
2518
2320
2123
1915
1725
1519
1319
1124
958
806
688
594
550
526
528
566
631
742
865
1040
1216
1408
1613
1813
2007
2217
2410
2605
2769
2928
3056
3169
3225
3261
3258
3203
3123
2998
2864
2687
2518
2320
2124
1915
1721
1518
1317
1129
954
814
688
595
547
526
528
569
633
741
863
1040
1216
1407
1613
1812
2006
2216
2411
2606
2768
2927
3054
3168
3225
3261
3259
3206
3122
2994
2864
2688
2521
2319
2123
1917
1719
1510
1316
1131
957
811
690
597
553
527
528
567
635
741
869
1040
1215
1411
1613
1811
2011
2210
2407
2603
2770
2925
3056
3166
3223
3258
3253
3205
3125
3000
2864
2689
2518
2319
2124
1916
1721
1515
1315
1127
954
811
686
599
550
526
528
565
634
736
866
1040
1213
1410
1607
1813
2011
2213
2410
2602
2771
2923
3056
3166
3222
3255
3256
3210
3121
2994
2864
2689
2521
2320
2123
1918
1723
1514
1318
1129
954
807
688
596
551
528
527
568
630
743
865
1040
1217
1408
1610
1815
2009
2212
2412
2606
2768
2925
3056
3166
3223
3258
3258
3207
3121
2995
2864
2689
2519
2318
2122
1917
1721
1518
1318
1123
956
812
687
599
551
523
528
567
631
741
861
1040
1216
1407
1615
1813
2006
2211
2409
2603
2770
2923
3055
3167
3223
3257
3254
3206
3123
2997
2864
2688
2523
2320
2123
1915
1718
1517
1317
1129
956
809
688
595
549
526
527
565
629
742
865
1040
1214
1408
1613
1815
2011
2213
2414
2603
2772
2926
3055
3167
3223
3253
3253
3203
3121
2996
2863
2688
2519
2320
2123
1915
1719
1517
1315
1123
954
806
688
597
550
525
528
566
633
740
865
1040
1215
1409
1610
1815
2011
2213
2410
2602
2768
2924
3055
3163
3223
3253
3253
3206
3122
2994
2862
2688
2522
2319
2123
1917
1723
1518
1315
1130
957
811
688
597
553
526
528
566
633
744
866
1040
1217
1410
1613
1814
2007
2213
2407
2604
2768
2926
3055
3165
3227
3254
3260
3205
3125
2996
2863
2690
2519
2318
2123
1917
1718
1515
1314
1127
957
807
689
598
551
525
528
565
630
740
869
1040
1215
1408
1615
1814
2006
2214
2407
2604
2769
2923
3056
3165
3231
3259
3259
3206
3125
2995
2864
2688
2519
2320
2124
1915
1726
1516
1316
1125
955
813
688
595
548
526
528
566
633
742
866
1041
1213
1409
1616
1818
2013
2218
2407
2606
2769
2923
3056
3168
3228
3262
3250
3203
3123
2997
2864
2687
2518
2320
2123
1914
1719
1516
1318
1129
954
809
688
597
550
527
527
566
634
739
865
1040
1214
1409
1609
1814
2006
2214
2412
2603
2769
2922
3055
3166
3223
3254
3251
3207
3123
2993
2862
2687
2517
2317
2123
1915
1722
1514
1318
1125
955
810
688
598
550
525
528
566
633
742
865
1040
1215
1408
1613
1814
2007
2214
2411
2603
2769
2926
3055
3169
3222
3255
3251
3205
3124
2995
2863
2688
2522
2318
2123
1919
1726
1515
1317
1124
953
811
688
597
547
527
528
566
633
741
866
1039
1215
1409
1614
1811
2010
2213
2411
2602
2768
2921
3055
3165
3227
3259
3251
3205
3126
2997
2863
2689
2518
2320
2122
1915
1719
1517
1318
1130
955
805
688
595
552
528
527
569
631
741
867
1039
1215
1406
1614
1812
2006
2212
2407
2603
2768
2919
3056
3166
3225
3261
3250
3206
3124
2994
2864
2690
2524
2320
2123
1914
1719
1511
1316
1126
955
812
688
596
547
528
525
566
628
742
863
1040
1214
1407
1610
1814
2006
2213
2411
2603
2769
2923
3055
3164
3223
3257
3258
3204
3120
2998
2864
2686
2519
2318
2124
1915
1722
1517
1317
1123
951
811
688
595
551
526
529
568
630
740
862
1040
1216
1406
1616
1814
2007
2215
2406
2604
2770
2922
3056
3167
3225
3257
3255
3207
3123
2995
2865
2691
2522
2319
2122
1915
1723
1516
1314
1125
953
810
686
593
548
524
527
570
637
738
864
1040
1215
1406
1614
1814
2009
2209
2411
2606
2769
2923
3056
3165
3227
3254
3257
3209
3122
2997
2864
2689
2523
2320
2125
1919
1722
1511
1315
1127
955
811
688
594
549
525
528
565
637
737
865
1040
1216
1407
1612
1812
2009
2215
2411
2608
2768
2926
3054
3162
3226
3250
3258
3210
3125
2998
2865
2688
2521
2320
2119
1917
1722
1515
1319
1125
951
810
688
595
547
523
526
565
634
741
864
1040
1215
1410
1611
1810
2005
2212
2407
2599
2767
2921
3054
3164
3226
3254
3255
3205
3123
2996
2865
2691
2519
2320
2123
1918
1717
1519
1315
1130
958
811
687
598
550
527
523
565
634
739
864
1040
1216
1408
1610
1814
2007
2214
2409
2599
2768
2922
3056
3162
3223
3257
3252
3207
3122
2994
2862
2687
2519
2320
2121
1918
1722
1516
1314
1127
957
810
688
595
550
524
528
567
629
742
861
1040
1215
1409
1615
1811
2006
2214
2410
2602
2769
2926
3056
3164
3221
3254
3254
3200
3123
2993
2860
2687
2521
2320
2122
1915
1724
1517
1315
1130
955
811
688
592
549
527
526
566
631
741
866
1039
1216
1410
1611
1813
2007
2215
2412
2606
2768
2925
3056
3165
3222
3251
3251
3201
3121
2992
2864
2687
2522
2319
2125
1919
1722
1514
1317
1127
959
809
688
599
550
524
528
568
629
740
863
1040
1215
1405
1611
1813
2010
2217
2413
2603
2770
2922
3055
3166
3223
3260
3250
3207
3122
2995
2861
2689
2523
2319
2125
1918
1721
1515
1319
1127
954
807
688
595
547
526
526
566
633
741
865
1040
1218
1407
1611
1814
2006
2213
2411
2602
2768
2923
3056
3167
3222
3255
3254
3206
3121
2995
2866
2688
2519
2320
2123
1914
1722
1515
1312
1127
955
807
688
596
549
523
528
569
635
743
865
1040
1218
1408
1610
1813
2007
2213
2410
2605
2769
2924
3056
3164
3223
3259
3255
3201
3125
2994
2864
2688
2521
2320
2124
1916
1719
1515
1318
1126
954
807
688
595
549
526
528
572
630
740
866
1040
1217
1409
1615
1814
2007
2210
2409
2601
2768
2923
3056
3166
3226
3253
3258
3205
3123
2995
2864
2689
2517
2318
2125
1915
1723
1514
1317
1129
954
812
688
597
551
524
527
565
635
742
865
1041
1215
1410
1613
1815
2006
2215
2411
2604
2768
2922
3056
3166
3227
3255
3256
3209
3120
2997
2864
2688
2518
2320
2122
1917
1721
1516
1315
1127
954
811
688
597
548
528
528
567
632
740
865
1037
1216
1410
1614
1810
2007
2214
2409
2605
2770
2923
3054
3162
3223
3255
3254
3205
3122
2998
2863
2690
2522
2320
2122
1918
1719
1511
1317
1126
955
810
689
595
551
526
527
566
631
742
862
1039
1216
1408
1613
1814
2010
2211
2411
2605
2768
2921
3053
3166
3226
3255
3255
3205
3123
2995
2864
2688
2519
2320
2123
1917
1723
1513
1317
1126
955
807
689
597
553
528
528
564
634
741
862
1040
1215
1406
1613
1814
2009
2212
2409
2605
2769
2927
3056
3165
3229
3254
3255
3207
3121
2995
2862
2689
2519
2318
2123
1915
1722
1515
1315
1126
953
814
688
593
550
526
527
570
629
739
862
1040
1218
1407
1613
1813
2007
2211
2410
2604
2768
2923
3055
3165
3225
3253
3252
3201
3123
2995
2862
2687
2519
2319
2125
1911
1722
1519
1317
1125
954
813
688
595
551
526
528
567
636
735
865
1042
1214
1408
1615
1814
2005
2211
2410
2601
2768
2925
3054
3171
3226
3254
3250
3206
3121
2992
2863
2688
2521
2319
2123
1917
1718
1518
1314
1125
955
812
688
597
549
526
528
566
628
741
864
1040
1215
1405
1614
1814
2007
2211
2411
2605
2768
2925
3055
3165
3223
3253
3250
3206
3122
2993
2863
2688
2519
2319
2123
1916
1723
1512
1319
1126
953
810
688
595
554
526
526
571
634
741
863
1040
1216
1407
1611
1810
2003
2210
2407
2606
2768
2919
3056
3164
3230
3254
3255
3204
3125
2999
2864
2688
2516
2320
2125
1915
1721
1514
1311
1127
958
810
688
593
548
526
528
565
633
743
867
1040
1216
1408
1613
1811
2010
2212
2409
2599
2768
2925
3054
3165
3225
3259
3251
3203
3121
2992
2859
2687
2521
2321
2125
1913
1722
1516
1319
1130
951
811
687
595
548
526
528
563
633
742
863
1040
1215
1410
1612
1813
2011
2213
2409
2605
2768
2922
3053
3164
3223
3253
3253
3205
3122
2998
2862
2687
2521
2320
2121
1917
1721
1516
1315
1125
957
810
688
595
547
525
528
566
629
740
867
1039
1216
1411
1613
1810
2007
2212
2409
2597
2768
2925
3054
3166
3223
3259
3254
3204
3123
2994
2864
2688
2522
2320
2119
1915
1719
1514
1314
1125
957
807
687
594
549
524
528
567
631
742
861
1039
1216
1408
1612
1813
2007
2213
2409
2604
2768
2923
3053
3164
3228
3260
3253
3204
3122
2992
2863
2687
2517
2320
2123
1918
1722
1514
1317
1127
955
809
687
597
551
528
528
567
629
740
867
1040
1216
1408
1609
1813
2007
2215
2411
2601
2771
2926
3056
3161
3222
3257
3250
3203
3122
2997
2861
2689
2518
2320
2123
1919
1718
1513
1317
1124
951
807
688
597
549
525
528
565
634
739
861
1040
1217
1409
1613
1812
2006
2213
2405
2603
2768
2921
3055
3164
3222
3258
3252
3206
3120
2995
2862
2687
2518
2315
2122
1917
1719
1517
1314
1127
956
807
688
594
550
525
528
567
629
738
863
1040
1216
1407
1611
1810
2006
2212
2406
2601
2768
2920
3051
3165
3227
3258
3250
3209
3122
2997
2864
2687
2519
2318
2122
1915
1722
1511
1315
1125
955
810
687
598
552
523
527
569
631
743
867
1038
1218
1403
1611
1813
2007
2211
2411
2603
2768
2924
3056
3165
3223
3255
3253
3207
3123
2996
2864
2688
2515
2315
2124
1917
1722
1514
1318
1125
953
810
688
594
550
527
528
566
630
738
865
1040
1215
1408
1609
1811
2010
2213
2407
2603
2769
2927
3055
3163
3228
3259
3255
3208
3125
2994
2864
2687
2519
2318
2123
1911
1719
1514
1318
1122
955
814
688
594
549
527
527
569
635
741
869
1040
1216
1405
1611
1812
2007
2211
2407
2602
2768
2925
3056
3166
3224
3255
3253
3206
3122
2992
2863
2690
2519
2318
2119
1919
1723
1515
1317
1126
958
809
688
595
546
525
528
567
631
743
864
1040
1216
1405
1609
1813
2003
2213
2410
2603
2767
2919
3054
3165
3225
3254
3254
3201
3122
2994
2863
2688
2518
2317
2121
1916
1721
1513
1311
1126
955
806
688
597
550
522
525
565
629
739
863
1039
1213
1407
1611
1811
2006
2207
2407
2598
2768
2921
3053
3162
3225
3258
3249
3203
3121
2993
2864
2688
2515
2320
2117
1914
1722
1517
1314
1126
950
808
688
597
549
523
528
566
631
737
865
1041
1214
1407
1611
1809
2007
2215
2407
2605
2768
2923
3056
3163
3225
3255
3252
3206
3122
2992
2864
2688
2519
2320
2120
1914
1721
1511
1317
1128
953
808
688
594
551
527
527
566
631
739
866
1040
1217
1407
1607
1811
2007
2215
2410
2600
2767
2924
3053
3165
3223
3257
3255
3204
3123
2995
2863
2687
2518
2319
2125
1917
1719
1515
1315
1127
954
813
688
596
545
526
526
564
634
738
864
1038
1217
1409
1613
1811
2005
2214
2411
2599
2768
2923
3056
3164
3222
3255
3253
3203
3121
2995
2864
2687
2519
2320
2124
1915
1722
1517
1315
1126
954
810
688
595
550
526
528
568
630
741
864
1040
1216
1404
1611
1815
2007
2213
2410
2603
2768
2923
3055
3165
3229
3254
3251
3211
3124
2997
2865
2688
2519
2318
2121
1918
1718
1515
1315
1129
955
808
688
602
550
528
528
563
630
739
864
1038
1217
1406
1609
1811
2007
2214
2407
2603
2769
2919
3053
3164
3226
3252
3255
3207
3122
2994
2863
2688
2518
2320
2121
1915
1719
1517
1315
1130
953
811
688
593
547
527
528
563
629
739
865
1038
1216
1406
1610
1813
2007
2214
2407
2603
2768
2922
3053
3167
3225
3254
3251
3202
3121
2995
2863
2688
2517
2320
2123
1919
1717
1516
1317
1123
954
810
688
594
546
524
523
570
631
740
866
1039
1215
1407
1609
1813
2006
2213
2411
2603
2768
2922
3053
3169
3223
3257
3250
3206
3121
2995
2861
2689
2515
2319
2121
1915
1720
1517
1319
1123
955
812
688
594
549
526
526
566
633
739
864
1040
1215
1407
1612
1811
2009
2212
2410
2605
2768
2923
3054
3163
3227
3259
3255
3205
3123
2995
2864
2687
2522
2318
2124
1916
1723
1515
1314
1126
954
807
688
598
550
526
524
567
638
742
863
1040
1214
1406
1613
1810
2006
2214
2407
2602
2768
2920
3057
3169
3226
3252
3250
3205
3122
2996
2864
2690
2517
2320
2122
1915
1718
1514
1314
1124
955
807
688
595
550
526
528
567
633
742
866
1040
1215
1411
1614
1814
2005
2214
2412
2604
2767
2923
3056
3162
3221
3254
3255
3201
3121
2997
2864
2688
2519
2316
2123
1915
1718
1510
1318
1125
951
806
688
598
550
528
528
568
632
739
864
1040
1214
1405
1613
1813
2007
2211
2409
2602
2768
2922
3056
3165
3226
3255
3252
3202
3121
2994
2860
2687
2518
2317
2125
1918
1716
1517
1317
1123
955
811
687
596
547
527
526
564
634
740
867
1040
1215
1410
1609
1811
2006
2214
2405
2599
2768
2919
3056
3165
3227
3258
3254
3204
3120
2996
2862
2686
2517
2318
2121
1914
1719
1516
1315
1131
953
811
688
596
550
523
525
568
630
739
864
1036
1216
1406
1611
1813
2005
2213
2411
2601
2768
2922
3055
3165
3227
3252
3250
3203
3121
2993
2862
2688
2519
2319
2122
1917
1722
1514
1312
1123
953
807
688
594
549
526
527
565
631
742
866
1040
1215
1403
1610
1813
2007
2214
2414
2599
2769
2921
3057
3164
3222
3255
3259
3207
3122
2999
2864
2687
2518
2319
2123
1911
1721
1510
1316
1126
954
807
687
595
546
527
526
567
631
738
866
1040
1213
1408
1610
1809
2006
2210
2405
2604
2769
2925
3054
3166
3223
3255
3252
3205
3122
2995
2864
2688
2518
2319
2121
1913
1722
1511
1314
1123
953
811
688
593
550
525
527
564
634
744
863
1039
1218
1408
1613
1809
2006
2212
2413
2605
2768
2919
3056
3166
3219
3257
3250
3203
3123
2992
2863
2687
2521
2320
2122
1915
1719
1514
1317
1124
955
811
687
595
550
526
528
565
631
739
864
1040
1214
1407
1610
1814
2005
2211
2409
2603
2768
2921
3056
3162
3221
3255
3251
3204
3122
2992
2864
2688
2519
2318
2125
1916
1721
1515
1317
1129
952
812
688
595
547
526
527
564
633
739
864
1040
1215
1407
1611
1813
2005
2212
2409
2601
2768
2925
3055
3166
3223
3254
3254
3206
3122
2996
2862
2688
2519
2320
2125
1913
1721
1515
1319
1126
951
810
688
597
549
527
528
567
631
746
866
1039
1216
1407
1612
1812
2005
2214
2405
2600
2768
2919
3055
3165
3225
3254
3254
3202
3121
2995
2863
2688
2519
2319
2123
1918
1725
1516
1318
1126
955
807
688
598
547
528
525
567
634
741
863
1039
1215
1408
1607
1810
2005
2214
2409
2605
2768
2918
3056
3166
3225
3253
3255
3201
3120
2993
2863
2688
2518
2320
2122
1914
1723
1516
1313
1125
957
809
688
595
547
523
529
569
629
741
863
1038
1215
1406
1613
1813
2005
2210
2410
2599
2768
2923
3055
3166
3228
3259
3251
3201
3123
2997
2864
2689
2518
2319
2123
1915
1718
1515
1319
1126
955
809
688
592
546
528
528
566
633
740
865
1040
1216
1407
1614
1811
2006
2212
2407
2596
2768
2923
3054
3163
3223
3255
3251
3203
3121
2994
2863
2688
2523
2320
2123
1915
1719
1515
1314
1125
955
809
688
593
547
523
528
564
637
739
866
1036
1215
1407
1613
1812
2007
2215
2409
2599
2767
2922
3056
3166
3227
3259
3253
3205
3123
2994
2863
2687
2519
2318
2123
1915
1721
1517
1315
1124
954
810
688
594
548
527
528
565
630
737
862
1040
1216
1407
1611
1810
2009
2213
2410
2601
2769
2922
3056
3162
3225
3255
3251
3205
3123
2991
2864
2687
2519
2320
2119
1915
1719
1514
1315
1130
957
806
686
596
548
527
526
565
630
741
862
1038
1217
1407
1606
1810
2004
2213
2407
2603
2770
2919
3055
3165
3225
3253
3255
3206
3122
2997
2864
2689
2517
2320
2124
1914
1721
1518
1318
1127
955
813
689
595
550
525
527
567
630
740
868
1040
1213
1408
1615
1813
2006
2215
2407
2603
2768
2924
3054
3163
3222
3255
3254
3205
3123
2992
2863
2688
2519
2320
2123
1918
1719
1518
1317
1126
954
810
686
596
554
524
528
570
634
740
864
1040
1216
1408
1610
1813
2009
2214
2411
2602
2768
2923
3051
3163
3228
3259
3251
3205
3124
2995
2862
2688
2521
2318
2123
1913
1723
1513
1313
1126
954
809
687
597
547
524
528
566
629
737
864
1038
1216
1406
1610
1809
2006
2214
2411
2602
2771
2923
3056
3163
3222
3255
3254
3205
3125
2993
2864
2688
2518
2320
2123
1916
1717
1515
1314
1127
955
813
688
593
547
525
528
567
630
741
864
1040
1215
1406
1611
1812
2013
2213
2410
2602
2769
2922
3053
3164
3227
3252
3253
3206
3123
2997
2863
2688
2522
2319
2125
1916
1719
1520
1314
1127
951
807
688
593
551
523
528
566
630
741
865
1040
1216
1408
1614
1813
2005
2214
2413
2607
2770
2925
3055
3163
3222
3255
3259
3205
3122
2994
2863
2686
2517
2320
2126
1914
1725
1517
1317
1125
956
808
688
594
549
525
527
566
633
739
863
1040
1215
1407
1611
1812
2007
2210
2407
2598
2768
2923
3054
3165
3218
3254
3254
3205
3122
2992
2864
2688
2519
2319
2122
1918
1718
1510
1317
1123
951
810
688
594
548
527
528
569
634
739
863
1040
1213
1408
1611
1814
2005
2210
2410
2603
2768
2926
3054
3163
3225
3257
3259
3205
3123
2992
2864
2689
2516
2317
2121
1915
1717
1511
1316
1125
953
811
688
593
549
526
528
566
635
742
863
1040
1214
1408
1614
1811
2010
2210
2413
2602
2768
2922
3056
3168
3223
3258
3253
3202
3121
2997
2863
2688
2518
2318
2122
1916
1723
1515
1322
1125
955
813
688
593
547
526
527
570
631
737
866
1040
1215
1410
1612
1813
2004
2213
2411
2604
2768
2927
3056
3161
3221
3255
3251
3209
3122
2996
2864
2686
2519
2318
2118
1919
1723
1515
1319
1126
955
810
688
596
544
528
525
568
633
741
865
1039
1215
1409
1611
1814
2007
2211
2412
2603
2768
2921
3056
3165
3225
3258
3258
3204
3121
3001
2864
2688
2518
2318
2123
1915
1721
1514
1317
1124
954
809
688
593
549
525
527
567
633
739
861
1040
1215
1408
1615
1811
2005
2214
2407
2602
2768
2923
3056
3163
3223
3254
3252
3205
3123
2995
2863
2687
2522
2320
2121
1910
1719
1516
1316
1125
953
811
688
593
551
523
527
570
631
742
864
1040
1216
1405
1612
1810
2003
2213
2411
2597
2768
2919
3056
3167
3226
3257
3257
3203
3124
2994
2864
2688
2519
2320
2122
1916
1722
1511
1319
1127
951
805
688
593
550
526
527
567
637
737
866
1040
1215
1407
1613
1812
2004
2212
2411
2603
2768
2926
3056
3161
3225
3259
3254
3203
3121
2993
2864
2688
2519
2319
2123
1917
1722
1514
1314
1127
955
810
688
594
549
526
528
566
634
740
862
1039
1214
1408
1614
1815
2007
2214
2414
2603
2768
2922
3056
3164
3219
3253
3253
3202
3121
2993
2861
2687
2521
2317
2124
1917
1724
1513
1313
1125
954
806
688
593
547
525
526
563
630
738
865
1039
1215
1408
1611
1810
2007
2215
2409
2603
2768
2923
3055
3162
3221
3251
3254
3205
3125
2995
2864
2687
2520
2320
2124
1917
1723
1517
1317
1126
955
807
687
594
546
511
528
566
631
738
863
1039
1213
1408
1610
1811
2005
2208
2410
2603
2769
2923
3056
3165
3227
3261
3257
3203
3123
2995
2863
2688
2517
2320
2123
1914
1722
1515
1314
1129
957
806
688
594
547
525
526
567
634
742
864
1039
1216
1408
1611
1814
2002
2211
2406
2603
2767
2922
3051
3162
3226
3260
3252
3203
3124
2995
2863
2685
2521
2319
2125
1915
1718
1514
1318
1130
957
810
686
596
548
525
526
565
631
742
865
1040
1214
1405
1611
1810
2007
2211
2403
2603
2766
2921
3055
3163
3228
3253
3255
3202
3121
2994
2861
2688
2518
2320
2125
1917
1721
1517
1314
1123
955
811
688
597
554
525
528
565
631
741
866
1040
1216
1408
1611
1811
2006
2211
2407
2602
2768
2921
3055
3163
3225
3260
3254
3203
3120
2994
2861
2690
2517
2318
2126
1911
1718
1515
1315
1125
953
807
688
593
547
527
525
569
629
740
864
1039
1215
1407
1610
1810
2003
2212
2409
2603
2768
2921
3056
3165
3226
3262
3252
3207
3122
2997
2861
2688
2516
2317
2122
1911
1718
1515
1318
1123
954
807
688
593
549
523
528
565
633
739
862
1039
1215
1407
1611
1809
2005
2213
2410
2600
2768
2919
3056
3165
3223
3251
3251
3204
3121
2997
2864
2688
2515
2316
2124
1911
1721
1516
1313
1125
953
807
685
597
546
523
527
567
629
739
863
1040
1214
1407
1614
1811
2006
2215
2411
2603
2768
2923
3055
3165
3225
3254
3253
3204
3123
2995
2864
2688
2518
2318
2123
1913
1719
1515
1315
1122
953
807
688
593
546
523
522
564
633
741
864
1039
1215
1408
1614
1812
2007
2215
2407
2602
2768
2922
3054
3162
3222
3251
3254
3202
3123
2994
2864
2687
2519
2319
2119
1917
1722
1513
1316
1123
958
814
688
592
546
524
526
566
634
741
863
1040
1217
1409
1612
1813
2006
2213
2409
2599
2768
2923
3056
3161
3223
3257
3253
3206
3120
2992
2863
2686
2517
2317
2121
1915
1718
1517
1318
1125
955
805
688
597
550
523
529
566
630
742
867
1039
1211
1406
1609
1811
2009
2214
2407
2603
2768
2925
3056
3164
3226
3262
3254
3209
3125
2993
2862
2687
2519
2319
2121
1917
1721
1517
1315
1121
955
810
688
595
547
526
527
565
634
740
866
1040
1216
1406
1613
1810
2005
2210
2410
2597
2768
2919
3053
3162
3221
3249
3250
3205
3121
2992
2863
2687
2518
2318
2121
1917
1723
1518
1318
1127
951
807
688
595
551
526
528
566
630
736
863
1038
1214
1403
1614
1815
2009
2213
2409
2603
2768
2919
3056
3166
3221
3258
3255
3210
3120
2995
2864
2689
2517
2318
2124
1913
1725
1515
1315
1125
953
807
688
595
546
528
528
563
631
739
865
1040
1214
1407
1615
1810
2007
2213
2410
2604
2768
2919
3055
3167
3225
3254
3254
3205
3125
2993
2864
2688
2522
2319
2122
1913
1719
1515
1315
1127
954
810
688
596
551
526
523
567
633
739
867
1040
1215
1407
1613
1811
2006
2212
2408
2605
2770
2922
3055
3163
3227
3253
3255
3203
3120
2994
2863
2682
2517
2319
2119
1915
1718
1514
1317
1123
955
807
688
593
549
527
528
567
631
741
865
1040
1216
1408
1615
1811
2006
2214
2409
2602
2769
2922
3055
3167
3223
3253
3251
3206
3124
2994
2864
2688
2517
2318
2125
1915
1717
1515
1315
1125
953
807
688
594
550
523
526
564
633
739
863
1040
1214
1406
1612
1810
2006
2211
2405
2605
2768
2923
3053
3166
3221
3254
3251
3203
3121
2995
2863
2688
2518
2319
2118
1911
1719
1517
1318
1125
955
811
684
595
549
527
527
563
633
740
864
1040
1217
1411
1613
1811
2005
2214
2405
2597
2768
2921
3053
3164
3226
3255
3254
3205
3121
2996
2864
2687
2522
2318
2124
1915
1720
1514
1318
1125
957
806
688
596
546
523
527
565
631
737
863
1039
1215
1405
1611
1811
2007
2211
2411
2602
2768
2922
3054
3164
3221
3251
3253
3203
3123
2992
2864
2688
2519
2318
2119
1915
1717
1515
1313
1131
955
805
688
594
549
524
525
566
634
738
863
1040
1216
1402
1611
1811
2004
2213
2407
2599
2768
2917
3055
3165
3227
3254
3255
3204
3120
2992
2862
2686
2515
2319
2119
1915
1718
1510
1316
1123
954
810
688
596
549
527
527
566
630
740
863
1040
1213
1408
1615
1811
2007
2215
2410
2602
2768
2919
3056
3163
3223
3253
3254
3209
3121
2992
2864
2689
2522
2319
2122
1916
1714
1516
1316
1127
951
810
687
597
549
525
528
563
630
739
867
1040
1216
1408
1611
1811
2005
2209
2406
2603
2768
2921
3053
3161
3227
3254
3249
3203
3123
2995
2862
2685
2521
2319
2122
1913
1722
1515
1314
1128
959
810
687
595
547
527
525
566
636
742
863
1040
1216
1402
1613
1813
2005
2214
2409
2599
2768
2923
3056
3163
3226
3254
3251
3204
3122
2993
2864
2686
2521
2320
2122
1919
1721
1515
1315
1124
955
814
688
596
548
528
527
567
631
742
863
1040
1213
1405
1611
1811
2006
2210
2410
2602
2768
2923
3055
3164
3226
3254
3254
3203
3123
2993
2863
2688
2514
2320
2124
1913
1717
1515
1314
1127
951
807
688
595
550
524
526
563
632
739
859
1039
1213
1408
1607
1808
2006
2213
2411
2602
2768
2921
3053
3165
3225
3255
3254
3204
3120
2995
2864
2687
2518
2319
2119
1917
1725
1515
1316
1123
953
810
688
599
547
527
526
564
634
738
864
1040
1216
1406
1613
1812
2006
2210
2410
2605
2768
2921
3054
3167
3221
3254
3257
3207
3121
2994
2864
2688
2515
2320
2123
1915
1721
1511
1315
1127
955
806
688
595
548
526
526
567
633
739
862
1040
1216
1408
1614
1815
2006
2211
2409
2602
2768
2924
3056
3162
3227
3257
3255
3202
3122
2993
2861
2685
2518
2319
2123
1916
1719
1514
1316
1124
954
805
688
593
548
523
526
568
633
739
867
1038
1216
1406
1613
1812
2006
2211
2407
2602
2768
2923
3054
3163
3223
3255
3248
3202
3121
2993
2864
2685
2517
2314
2119
1914
1723
1513
1318
1126
958
810
688
594
550
526
528
569
630
740
863
1040
1217
1408
1610
1811
2010
2211
2406
2603
2767
2919
3055
3162
3223
3255
3253
3204
3121
2997
2862
2688
2518
2320
2120
1918
1722
1511
1314
1125
954
806
688
594
547
525
527
569
631
742
864
1040
1216
1406
1613
1811
2003
2213
2411
2602
2768
2925
3053
3167
3221
3261
3255
3207
3122
2997
2862
2689
2518
2320
2118
1917
1719
1513
1315
1126
957
813
688
592
547
524
528
563
634
741
865
1039
1215
1407
1612
1813
2003
2212
2410
2598
2768
2926
3056
3163
3226
3258
3258
3202
3121
2993
2864
2688
2518
2319
2122
1914
1717
1517
1318
1127
951
810
688
598
548
511
526
571
632
738
863
1040
1215
1407
1611
1814
2003
2211
2411
2604
2768
2923
3056
3163
3223
3253
3252
3205
3125
2996
2864
2686
2516
2319
2123
1914
1719
1515
1319
1127
955
809
688
596
547
522
526
566
629
741
864
1040
1214
1408
1607
1810
2005
2211
2407
2603
2769
2922
3055
3162
3227
3258
3249
3203
3121
2992
2864
2688
2518
2315
2122
1911
1719
1517
1319
1124
954
810
688
598
550
524
525
563
630
738
865
1040
1213
1410
1612
1811
2010
2211
2410
2605
2768
2927
3056
3162
3227
3255
3253
3203
3125
2994
2863
2687
2518
2319
2119
1914
1719
1518
1318
1127
951
809
688
592
549
525
528
565
631
742
864
1040
1213
1408
1609
1813
2007
2211
2410
2602
2770
2922
3055
3165
3227
3252
3257
3202
3124
2992
2862
2691
2517
2319
2121
1913
1723
1515
1315
1129
956
812
688
596
551
523
527
566
628
739
867
1040
1215
1406
1610
1813
2011
2213
2412
2605
2771
2925
3056
3166
3225
3259
3255
3202
3122
2994
2865
2689
2523
2318
2122
1918
1723
1517
1318
1125
954
813
686
595
551
526
528
565
634
745
863
1044
1214
1408
1611
1813
2003
2217
2405
2602
2768
2925
3056
3162
3218
3255
3254
3205
3125
2992
2864
2689
2518
2320
2123
1913
1718
1515
1317
1123
954
809
689
595
549
528
528
565
633
739
866
1040
1216
1407
1612
1813
2008
2210
2407
2602
2769
2922
3056
3163
3225
3252
3256
3206
3124
2999
2864
2687
2519
2320
2122
1915
1720
1518
1315
1127
950
807
688
594
549
526
528
563
633
739
861
1040
1215
1405
1611
1811
2005
2214
2409
2601
2768
2922
3056
3165
3229
3257
3254
3205
3122
2994
2863
2686
2521
2320
2124
1918
1721
1514
1315
1126
955
812
688
595
550
528
525
568
631
738
866
1040
1216
1407
1613
1813
2011
2216
2409
2599
2768
2925
3055
3167
3225
3255
3257
3202
3120
2993
2862
2688
2519
2320
2126
1915
1718
1514
1315
1126
954
809
688
596
546
526
528
569
629
742
866
1039
1213
1408
1613
1812
2009
2212
2407
2604
2768
2923
3055
3167
3225
3259
3250
3203
3120
2993
2863
2688
2522
2318
2124
1915
1718
1515
1315
1124
951
806
687
598
549
526
528
566
631
741
863
1040
1215
1407
1611
1812
2007
2211
2410
2605
2768
2925
3056
3165
3227
3255
3255
3205
3122
2997
2864
2687
2518
2319
2124
1915
1717
1515
1318
1127
953
807
688
598
549
528
525
569
633
737
867
1039
1215
1406
1614
1811
2003
2211
2407
2598
2768
2923
3053
3163
3221
3257
3251
3206
3123
2996
2864
2688
2519
2319
2123
1915
1719
1515
1315
1125
955
810
688
595
548
526
527
567
629
746
865
1040
1214
1407
1613
1813
2009
2213
2410
2603
2768
2923
3054
3161
3224
3257
3251
3203
3121
2995
2863
2689
2523
2320
2122
1918
1718
1516
1317
1123
953
809
688
595
553
528
527
567
631
742
866
1039
1215
1406
1610
1813
2005
2215
2409
2605
2769
2923
3054
3163
3226
3255
3258
3205
3123
2992
2863
2685
2520
2318
2123
1914
1718
1513
1318
1124
955
810
688
595
548
525
526
564
635
739
863
1038
1216
1408
1615
1812
2005
2209
2411
2603
2768
2923
3055
3165
3222
3255
3254
3204
3122
2996
2864
2687
2517
2318
2122
1913
1717
1511
1317
1123
954
811
688
597
550
525
528
566
631
739
863
1038
1216
1408
1611
1809
2010
2211
2407
2604
2768
2923
3056
3162
3224
3255
3253
3206
3121
2994
2864
2689
2526
2319
2124
1915
1717
1516
1317
1125
954
810
688
592
550
527
528
566
633
738
865
1040
1215
1408
1612
1814
2006
2217
2409
2602
2765
2921
3054
3164
3221
3255
3254
3207
3123
2993
2864
2688
2522
2320
2122
1915
1719
1517
1321
1124
954
813
688
597
552
526
528
570
635
739
866
1039
1215
1407
1612
1812
2008
2212
2411
2599
2768
2923
3055
3165
3226
3257
3253
3204
3124
2996
2864
2688
2518
2318
2124
1918
1718
1517
1315
1124
955
810
688
595
546
525
527
567
630
740
864
1040
1215
1409
1611
1811
2006
2211
2408
2602
2769
2922
3056
3164
3221
3254
3257
3205
3120
2998
2864
2687
2521
2318
2121
1917
1719
1514
1317
1126
955
806
689
594
549
527
528
565
634
739
863
1038
1218
1406
1614
1815
2006
2215
2409
2602
2768
2923
3055
3166
3225
3256
3253
3206
3122
2996
2863
2688
2519
2319
2119
1917
1716
1515
1315
1127
957
813
688
595
551
523
528
566
634
739
864
1039
1216
1406
1613
1813
2003
2210
2414
2603
2768
2921
3056
3167
3226
3255
3253
3207
3123
2995
2864
2693
2519
2318
2124
1917
1715
1514
1315
1128
954
806
688
595
549
523
525
566
634
739
866
1040
1217
1409
1608
1813
2005
2218
2410
2601
2770
2925
3057
3168
3226
3251
3252
3200
3122
2993
2863
2688
2517
2319
2125
1915
1722
1515
1317
1127
955
809
688
593
549
527
528
566
629
743
863
1041
1218
1408
1612
1809
2005
2214
2410
2599
2768
2925
3053
3163
3229
3259
3255
3207
3122
2994
2864
2688
2521
2320
2123
1916
1723
1516
1318
1125
955
807
688
593
550
526
527
567
634
740
864
1037
1216
1407
1613
1811
2003
2213
2410
2601
2768
2927
3053
3164
3227
3253
3251
3206
3125
2994
2864
2687
2518
2317
2122
1918
1723
1514
1315
1125
955
814
689
592
552
527
528
565
629
738
865
1040
1216
1406
1614
1811
2006
2215
2409
2601
2769
2919
3056
3165
3229
3258
3255
3202
3123
2997
2861
2686
2517
2320
2121
1914
1722
1516
1314
1123
955
812
688
593
548
526
527
565
632
741
865
1039
1216
1406
1614
1810
2003
2212
2410
2603
2768
2925
3054
3162
3226
3257
3255
3205
3123
2992
2864
2688
2522
2319
2121
1917
1718
1518
1316
1127
953
813
688
597
551
525
528
563
632
740
864
1040
1214
1407
1614
1814
2006
2214
2407
2602
2768
2917
3055
3166
3223
3253
3255
3205
3121
2992
2863
2686
2518
2317
2121
1915
1722
1515
1313
1125
954
813
691
594
551
525
527
566
631
738
863
1039
1214
1407
1611
1813
2007
2219
2409
2599
2768
2918
3056
3167
3223
3259
3250
3204
3120
2993
2864
2688
2522
2317
2122
1915
1718
1518
1318
1128
955
811
688
594
548
526
528
567
634
744
864
1040
1215
1406
1611
1811
2010
2212
2411
2601
2768
2921
3056
3165
3225
3258
3253
3206
3123
2993
2862
2687
2522
2318
2119
1911
1717
1520
1318
1126
955
813
688
595
547
511
528
564
629
741
864
1040
1215
1408
1614
1815
2006
2214
2407
2603
2770
2923
3055
3167
3226
3253
3252
3205
3122
2993
2864
2688
2519
2318
2123
1914
1722
1518
1314
1126
954
810
688
592
553
522
527
567
629
741
863
1039
1218
1405
1614
1813
2005
2213
2410
2605
2768
2919
3055
3163
3223
3255
3251
3206
3121
2992
2864
2688
2517
2320
2123
1915
1723
1511
1317
1125
958
810
692
595
549
528
528
567
631
739
865
1040
1214
1408
1609
1811
2007
2213
2410
2604
2769
2925
3056
3166
3222
3253
3255
3206
3121
2996
2864
2689
2523
2320
2119
1917
1721
1518
1319
1123
955
811
688
594
548
528
527
571
629
739
865
1039
1216
1407
1613
1812
2005
2211
2413
2603
2768
2925
3056
3166
3222
3255
3252
3207
3121
2995
2863
2688
2519
2319
2122
1913
1719
1517
1314
1123
954
811
688
594
546
525
528
567
631
741
866
1040
1215
1407
1612
1811
2007
2213
2409
2602
2768
2919
3049
3164
3221
3259
3255
3210
3120
2993
2863
2687
2519
2317
2123
1917
1719
1514
1314
1126
951
813
688
594
547
527
527
571
633
740
865
1039
1217
1407
1612
1815
2004
2214
2406
2601
2768
2922
3055
3162
3223
3250
3251
3204
3125
2994
2864
2686
2517
2320
2123
1915
1718
1515
1316
1128
956
807
688
593
547
528
528
566
631
740
868
1040
1217
1407
1611
1817
2007
2213
2409
2599
2768
2923
3056
3167
3221
3253
3255
3209
3122
2993
2863
2687
2515
2319
2119
1915
1718
1515
1315
1125
950
810
687
594
549
525
526
567
631
739
869
1040
1216
1407
1613
1811
2006
2213
2410
2601
2768
2921
3058
3166
3221
3255
3254
3211
3122
2993
2864
2687
2521
2319
2121
1914
1723
1518
1317
1125
955
810
687
597
549
526
527
567
630
741
863
1039
1215
1407
1614
1812
2006
2215
2409
2601
2766
2922
3056
3161
3227
3257
3253
3203
3123
2993
2862
2687
2517
2318
2119
1914
1720
1515
1313
1127
954
811
688
594
549
526
528
570
634
737
867
1040
1215
1406
1607
1813
2005
2209
2407
2601
2768
2919
3055
3163
3223
3259
3258
3204
3123
2992
2862
2688
2522
2317
2123
1914
1723
1514
1318
1126
955
809
687
593
548
522
527
566
629
743
863
1038
1214
1404
1607
1812
2006
2211
2409
2602
2767
2919
3055
3166
3222
3255
3255
3206
3123
2993
2864
2689
2518
2318
2123
1915
1723
1517
1314
1124
953
810
689
595
548
525
527
570
630
739
866
1041
1216
1406
1612
1815
2006
2213
2409
2601
2768
2922
3055
3164
3223
3253
3254
3200
3121
2993
2864
2688
2518
2320
2126
1917
1722
1517
1315
1125
956
810
688
595
546
523
529
565
631
739
865
1040
1216
1408
1615
1811
2007
2210
2407
2605
2768
2921
3054
3163
3225
3258
3251
3205
3123
2993
2864
2689
2519
2318
2123
1919
1722
1515
1316
1129
954
809
689
595
552
524
528
567
633
738
865
1038
1219
1408
1611
1813
2005
2213
2409
2605
2769
2924
3056
3167
3226
3257
3254
3201
3121
2995
2863
2688
2517
2319
2124
1917
1718
1511
1318
1127
956
805
688
594
549
527
526
566
631
743
863
1041
1214
1407
1611
1811
2007
2213
2414
2602
2769
2923
3056
3161
3225
3253
3253
3204
3121
2993
2864
2687
2517
2320
2124
1914
1723
1515
1315
1127
954
811
688
594
548
525
527
565
630
742
866
1038
1215
1407
1615
1810
2006
2210
2405
2603
2767
2921
3053
3162
3227
3257
3255
3206
3121
2992
2864
2685
2522
2319
2121
1914
1721
1514
1317
1125
953
806
689
593
549
526
528
570
634
737
863
1040
1216
1408
1611
1813
2006
2213
2406
2602
2769
2925
3055
3166
3227
3254
3253
3202
3123
2995
2863
2688
2518
2319
2122
1919
1718
1516
1317
1123
954
810
686
595
550
526
528
566
630
742
863
1039
1213
1407
1613
1809
2004
2211
2406
2602
2768
2918
3055
3162
3226
3253
3252
3201
3124
2994
2864
2688
2519
2320
2124
1915
1722
1511
1315
1127
953
809
688
592
549
526
528
565
633
738
868
1038
1215
1408
1614
1814
2006
2212
2409
2605
2768
2923
3056
3164
3225
3259
3251
3201
3121
2994
2863
2690
2521
2319
2117
1916
1722
1515
1313
1126
956
805
690
592
550
524
526
566
631
740
864
1040
1216
1408
1610
1811
2005
2212
2410
2603
2768
2923
3055
3163
3223
3253
3253
3203
3121
2993
2863
2688
2523
2320
2119
1914
1725
1516
1319
1126
955
809
688
595
550
511
511
569
630
741
865
1039
1215
1407
1609
1810
2004
2211
2410
2603
2768
2922
3051
3164
3221
3257
3253
3200
3121
2997
2864
2688
2521
2320
2117
1918
1721
1510
1314
1125
950
810
690
592
545
525
527
567
633
740
863
1040
1217
1407
1613
1811
2005
2212
2409
2598
2767
2925
3055
3164
3219
3253
3257
3206
3121
2994
2862
2688
2517
2320
2118
1916
1719
1516
1318
1126
951
809
688
595
551
523
527
571
636
738
862
1040
1215
1407
1611
1811
2007
2212
2411
2603
2768
2925
3056
3163
3227
3254
3255
3202
3124
2992
2864
2688
2516
2320
2122
1917
1723
1515
1317
1123
951
810
688
597
549
526
524
564
633
739
864
1040
1216
1408
1610
1812
2005
2214
2406
2599
2768
2923
3053
3163
3225
3257
3251
3203
3126
2994
2864
2687
2519
2320
2121
1917
1721
1514
1315
1127
958
812
688
595
546
527
526
564
631
737
867
1039
1218
1405
1613
1813
2007
2208
2406
2602
2768
2919
3055
3162
3223
3255
3251
3211
3125
2993
2864
2687
2521
2320
2122
1915
1721
1515
1316
1125
955
809
685
597
549
528
528
563
628
742
863
1040
1216
1408
1613
1814
2003
2210
2407
2602
2768
2922
3055
3162
3221
3253
3250
3203
3120
2995
2860
2687
2518
2318
2127
1915
1721
1515
1317
1127
955
809
688
597
550
527
527
566
633
741
865
1040
1214
1407
1612
1810
2002
2211
2406
2605
2768
2923
3055
3167
3222
3255
3251
3206
3123
2995
2864
2688
2519
2317
2121
1917
1721
1515
1319
1129
957
812
688
593
546
526
527
566
631
741
865
1040
1215
1407
1616
1813
2005
2211
2411
2602
2768
2919
3056
3166
3222
3254
3254
3205
3123
2993
2863
2686
2519
2319
2121
1914
1719
1519
1317
1124
955
810
688
598
548
526
527
567
631
742
865
1040
1215
1407
1615
1811
2007
2211
2411
2605
2768
2923
3055
3162
3225
3252
3257
3204
3126
2993
2863
2687
2518
2320
2125
1917
1719
1515
1316
1125
951
811
688
595
547
523
528
566
631
738
862
1040
1216
1406
1610
1809
2005
2213
2409
2604
2769
2924
3056
3164
3220
3255
3250
3205
3123
2994
2864
2688
2522
2320
2123
1914
1723
1518
1315
1126
954
811
688
595
549
528
526
564
629
740
867
1039
1217
1405
1614
1808
2005
2211
2410
2603
2765
2921
3057
3166
3227
3255
3254
3205
3121
2995
2864
2689
2517
2319
2121
1915
1719
1517
1315
1126
953
809
690
597
548
527
528
568
631
743
862
1039
1213
1409
1613
1812
2009
2213
2409
2605
2771
2921
3055
3167
3228
3256
3251
3200
3120
2994
2862
2685
2517
2317
2123
1917
1718
1513
1314
1131
953
807
688
594
550
525
527
567
633
739
866
1040
1216
1408
1609
1809
2006
2213
2406
2603
2768
2923
3057
3166
3226
3255
3254
3204
3123
2996
2864
2687
2522
2319
2118
1911
1719
1511
1316
1126
957
810
686
595
551
525
527
567
630
738
865
1040
1218
1410
1614
1813
2011
2217
2410
2599
2771
2922
3055
3163
3227
3255
3254
3205
3123
2997
2864
2688
2519
2318
2122
1913
1719
1517
1317
1125
951
808
688
594
548
525
528
566
633
739
865
1040
1214
1409
1611
1813
2006
2211
2411
2605
2768
2919
3054
3163
3223
3254
3250
3205
3121
2994
2864
2687
2522
2320
2119
1917
1718
1518
1318
1129
953
810
688
593
546
523
527
567
635
741
865
1040
1217
1408
1611
1816
2009
2213
2409
2602
2768
2923
3056
3161
3221
3253
3255
3200
3123
2994
2864
2690
2518
2318
2123
1914
1721
1513
1315
1127
951
809
686
595
547
526
528
565
631
741
863
1040
1217
1408
1615
1813
2005
2214
2413
2604
2768
2923
3056
3159
3229
3255
3254
3203
3120
2995
2864
2687
2519
2319
2122
1917
1723
1514
1318
1123
953
805
689
596
549
528
527
565
634
738
865
1038
1216
1407
1609
1814
2006
2211
2405
2602
2768
2921
3055
3165
3224
3251
3253
3205
3122
2997
2864
2688
2518
2318
2126
1911
1717
1514
1314
1127
956
807
687
593
546
527
526
565
630
742
866
1040
1213
1405
1611
1812
2009
2212
2411
2605
2768
2925
3056
3164
3229
3255
3255
3200
3120
2994
2864
2685
2521
2319
2118
1915
1718
1515
1315
1127
957
807
687
595
547
526
528
565
629
738
864
1040
1215
1408
1615
1811
2006
2216
2409
2601
2768
2919
3055
3166
3219
3255
3253
3209
3122
2994
2864
2686
2519
2320
2122
1918
1723
1517
1317
1129
955
809
688
598
547
525
526
570
634
741
865
1040
1214
1407
1613
1815
2005
2214
2410
2599
2767
2923
3056
3166
3229
3258
3253
3203
3120
2997
2864
2689
2519
2320
2119
1915
1721
1515
1314
1127
955
810
688
594
546
526
527
569
633
737
866
1040
1213
1407
1611
1811
2006
2215
2409
2603
2768
2923
3055
3162
3223
3254
3252
3203
3121
2995
2864
2688
2521
2320
2122
1920
1720
1517
1317
1127
956
806
687
597
549
526
528
566
630
737
865
1039
1215
1405
1613
1813
2006
2211
2411
2602
2768
2925
3055
3167
3227
3253
3258
3202
3120
2994
2864
2688
2516
2318
2121
1914
1723
1511
1314
1125
951
810
688
595
547
528
527
565
630
740
864
1043
1214
1408
1614
1815
2007
2214
2412
2606
2769
2924
3056
3165
3228
3257
3257
3203
3121
2996
2862
2686
2515
2320
2123
1911
1721
1515
1313
1125
954
809
688
595
549
523
528
569
634
741
865
1040
1218
1406
1612
1810
2009
2215
2410
2603
2768
2923
3055
3161
3225
3258
3251
3202
3122
2994
2863
2687
2517
2319
2123
1919
1722
1514
1315
1129
955
810
687
596
548
525
525
566
634
738
863
1039
1215
1409
1614
1811
2005
2213
2410
2597
2768
2923
3056
3166
3226
3256
3257
3204
3122
2994
2864
2687
2518
2319
2123
1918
1719
1515
1313
1126
953
811
685
594
549
527
527
569
635
740
865
1040
1216
1408
1612
1809
2006
2214
2409
2599
2769
2922
3056
3165
3219
3255
3254
3204
3123
2995
2861
2688
2518
2319
2120
1915
1723
1515
1318
1127
955
808
688
597
547
525
528
566
633
741
865
1038
1213
1407
1609
1811
2007
2211
2406
2602
2769
2925
3055
3163
3226
3253
3257
3205
3125
2995
2863
2689
2518
2319
2122
1919
1717
1517
1316
1122
954
811
688
598
547
523
528
564
631
742
863
1040
1213
1407
1613
1810
2006
2211
2407
2605
2769
2923
3054
3166
3223
3255
3250
3203
3120
2995
2864
2687
2522
2319
2122
1917
1719
1518
1316
1124
957
810
688
596
549
527
528
564
633
739
866
1041
1213
1405
1611
1812
2009
2216
2410
2602
2766
2919
3055
3167
3227
3254
3253
3206
3122
2995
2864
2687
2519
2320
2122
1915
1719
1514
1316
1122
954
807
688
595
549
525
526
565
630
739
865
1039
1216
1409
1610
1813
2005
2213
2407
2599
2768
2916
3056
3165
3223
3258
3252
3206
3125
2995
2864
2688
2519
2320
2123
1917
1717
1515
1313
1127
954
809
688
598
551
526
528
565
634
739
866
1040
1214
1408
1612
1811
2007
2215
2412
2602
2768
2921
3053
3164
3223
3259
3253
3202
3123
2995
2864
2689
2521
2318
2121
1920
1719
1516
1316
1126
953
807
688
594
547
523
527
567
633
738
867
1040
1217
1408
1610
1813
2006
2209
2407
2605
2769
2922
3051
3165
3225
3258
3254
3203
3126
2996
2864
2689
2521
2319
2123
1915
1721
1514
1317
1124
957
810
688
594
547
524
528
566
632
738
867
1039
1216
1408
1608
1814
2005
2214
2403
2601
2768
2921
3054
3164
3223
3255
3255
3205
3124
2997
2864
2688
2519
2319
2122
1917
1719
1515
1318
1121
953
810
688
595
548
525
525
565
631
737
866
1040
1215
1409
1613
1814
2003
2214
2410
2602
2768
2921
3054
3164
3223
3254
3253
3207
3120
2993
2863
2690
2519
2320
2121
1915
1719
1518
1317
1130
952
809
688
595
548
525
528
567
634
741
865
1040
1214
1410
1611
1811
2007
2211
2409
2606
2768
2922
3053
3163
3223
3258
3254
3203
3123
2992
2863
2689
2519
2317
2122
1916
1719
1518
1315
1125
955
811
688
595
547
528
528
565
631
741
864
1039
1215
1407
1614
1814
2007
2213
2408
2599
2768
2919
3055
3165
3222
3255
3253
3206
3122
2995
2864
2689
2517
2319
2123
1914
1719
1513
1315
1130
956
813
687
598
550
526
528
569
629
739
867
1040
1216
1408
1611
1810
2006
2213
2407
2602
2769
2924
3056
3163
3225
3253
3253
3204
3120
2993
2863
2687
2515
2319
2122
1914
1723
1514
1311
1127
955
813
688
595
547
525
528
564
631
743
865
1040
1218
1407
1614
1814
2009
2215
2406
2599
2768
2926
3053
3167
3223
3254
3257
3206
3120
2992
2863
2686
2518
2320
2121
1917
1721
1516
1315
1123
956
807
688
597
551
523
526
567
631
739
863
1040
1215
1406
1611
1815
2007
2211
2411
2603
2768
2922
3054
3164
3226
3258
3251
3201
3125
2993
2860
2687
2516
2318
2121
1915
1719
1513
1312
1124
953
811
687
595
549
526
528
565
634
739
864
1040
1214
1407
1611
1814
2003
2213
2407
2600
2768
2922
3055
3165
3227
3257
3252
3203
3121
2995
2862
2688
2519
2317
2122
1917
1718
1514
1317
1124
954
810
688
597
548
525
528
571
634
741
861
1040
1214
1410
1611
1811
2005
2213
2411
2599
2768
2923
3056
3165
3226
3254
3256
3205
3123
2993
2864
2689
2518
2319
2122
1913
1722
1514
1315
1122
953
813
690
593
549
528
528
566
631
742
865
1041
1213
1408
1613
1810
2006
2210
2410
2603
2768
2919
3056
3166
3223
3258
3258
3203
3121
2997
2863
2687
2518
2319
2119
1917
1722
1511
1317
1129
955
810
688
597
549
527
528
565
630
737
864
1040
1215
1407
1610
1811
2009
2212
2405
2598
2768
2921
3056
3164
3223
3255
3253
3205
3120
2996
2863
2689
2519
2319
2124
1918
1724
1514
1315
1125
955
811
687
595
548
523
528
567
630
741
865
1039
1217
1407
1611
1810
2005
2214
2410
2605
2769
2923
3053
3166
3226
3255
3254
3204
3123
2993
2863
2688
2518
2320
2123
1917
1719
1517
1317
1125
957
810
688
594
550
525
528
567
634
737
866
1040
1214
1407
1612
1811
2006
2209
2407
2603
2768
2922
3056
3165
3225
3257
3255
3204
3123
2995
2862
2687
2522
2320
2119
1917
1723
1514
1313
1127
954
807
688
595
547
525
527
573
626
741
863
1040
1215
1408
1609
1814
2005
2209
2405
2604
2768
2923
3056
3163
3222
3254
3255
3208
3122
2994
2864
2688
2523
2319
2123
1917
1718
1513
1315
1126
955
805
689
594
549
525
524
566
632
741
865
1040
1216
1408
1611
1814
2005
2215
2409
2606
2768
2925
3057
3167
3222
3260
3253
3207
3122
2995
2864
2688
2521
2320
2119
1915
1719
1515
1321
1130
955
810
688
595
549
526
526
567
630
738
864
1041
1214
1407
1614
1813
2005
2213
2410
2603
2769
2923
3054
3163
3229
3255
3252
3201
3123
2998
2864
2688
2518
2318
2122
1918
1722
1517
1319
1130
956
810
690
598
547
527
525
567
634
741
863
1040
1215
1408
1613
1813
2007
2213
2410
2603
2768
2922
3057
3162
3223
3258
3249
3206
3122
2992
2862
2688
2517
2319
2121
1915
1722
1511
1315
1126
957
806
687
597
550
527
526
565
631
740
867
1040
1216
1408
1610
1811
2005
2212
2409
2603
2768
2923
3056
3167
3225
3257
3257
3206
3127
2994
2863
2687
2522
2320
2122
1911
1723
1515
1313
1125
950
809
686
595
550
526
526
569
633
739
864
1039
1215
1408
1613
1813
2007
2211
2408
2603
2769
2923
3056
3165
3222
3259
3253
3209
3121
2993
2863
2684
2522
2319
2119
1913
1722
1514
1314
1126
953
810
688
596
548
525
526
569
630
738
864
1038
1213
1407
1609
1814
2007
2211
2411
2605
2769
2923
3056
3165
3226
3258
3259
3205
3123
2995
2864
2687
2522
2319
2120
1914
1719
1511
1317
1126
951
810
687
595
546
525
528
566
633
742
863
1040
1215
1412
1612
1814
2005
2213
2410
2601
2768
2922
3055
3163
3229
3253
3256
3203
3120
2994
2862
2688
2522
2319
2118
1915
1722
1515
1317
1127
955
809
689
595
550
526
528
562
630
739
866
1039
1215
1405
1607
1815
2005
2210
2410
2598
2768
2922
3056
3167
3229
3255
3251
3202
3125
2993
2862
2688
2517
2320
2122
1918
1720
1515
1311
1127
953
810
688
595
549
528
528
571
630
742
868
1040
1216
1407
1611
1813
2007
2215
2407
2601
2770
2919
3055
3164
3222
3257
3252
3207
3122
2997
2864
2688
2518
2320
2125
1914
1721
1519
1314
1125
953
811
686
595
550
511
527
566
632
743
864
1039
1217
1406
1610
1811
2007
2212
2407
2603
2767
2924
3054
3165
3223
3261
3251
3206
3121
2997
2863
2689
2519
2320
2126
1915
1721
1519
1317
1124
955
810
688
596
546
525
527
571
638
738
867
1040
1218
1408
1614
1814
2005
2213
2410
2602
2768
2923
3053
3162
3226
3259
3254
3207
3123
2993
2861
2687
2519
2318
2124
1918
1715
1511
1316
1125
956
809
688
593
549
525
526
567
630
738
864
1039
1216
1407
1611
1810
2006
2209
2407
2603
2768
2923
3055
3163
3223
3259
3258
3207
3122
2992
2864
2688
2519
2320
2125
1915
1723
1514
1314
1126
955
810
688
593
549
511
526
567
633
741
865
1040
1216
1406
1613
1811
2004
2214
2407
2603
2768
2923
3054
3166
3225
3255
3253
3203
3120
2995
2862
2688
2521
2320
2122
1915
1717
1516
1314
1127
955
810
688
593
550
525
527
564
631
737
865
1039
1214
1408
1611
1810
2007
2214
2411
2602
2768
2919
3056
3162
3225
3257
3251
3203
3121
2995
2862
2687
2517
2317
2119
1918
1719
1518
1316
1127
955
809
688
596
549
527
527
564
629
741
864
1039
1215
1408
1608
1813
2005
2215
2412
2602
2770
2923
3057
3167
3223
3259
3255
3204
3124
2995
2863
2689
2521
2319
2123
1919
1718
1515
1317
1124
951
807
688
594
546
526
528
566
630
741
863
1041
1212
1406
1609
1812
2010
2213
2413
2604
2768
2923
3055
3166
3223
3256
3249
3203
3121
2998
2864
2687
2525
2319
2123
1917
1721
1518
1319
1123
951
809
688
595
547
525
527
569
629
743
867
1040
1215
1408
1613
1809
2006
2211
2409
2598
2771
2923
3056
3162
3225
3258
3258
3203
3127
2995
2864
2689
2519
2317
2126
1911
1718
1511
1315
1127
955
807
688
594
549
525
526
567
629
739
864
1040
1218
1408
1609
1813
2006
2211
2409
2599
2769
2923
3056
3163
3223
3257
3254
3209
3121
2993
2864
2688
2519
2319
2122
1917
1717
1514
1313
1130
957
807
688
596
547
525
526
563
631
741
866
1040
1216
1408
1611
1814
2007
2213
2409
2603
2770
2922
3056
3167
3227
3252
3254
3203
3124
2993
2862
2687
2519
2320
2125
1919
1722
1517
1313
1123
951
807
688
593
547
526
525
565
631
741
866
1040
1216
1408
1613
1813
2005
2211
2409
2603
2768
2922
3054
3167
3225
3257
3250
3204
3124
2998
2861
2687
2515
2319
2123
1914
1722
1518
1313
1126
951
805
688
594
551
526
528
567
630
741
866
1038
1217
1409
1611
1811
2005
2212
2410
2602
2769
2924
3056
3162
3226
3258
3253
3206
3123
2993
2862
2687
2518
2320
2123
1914
1721
1513
1315
1127
953
810
689
594
551
525
528
567
634
738
866
1039
1215
1408
1607
1814
2012
2213
2412
2597
2768
2923
3054
3163
3222
3258
3251
3207
3120
2993
2863
2688
2519
2320
2123
1915
1719
1515
1315
1123
956
809
686
593
548
527
526
563
631
737
866
1039
1215
1408
1613
1811
2004
2213
2407
2602
2768
2922
3053
3163
3225
3261
3250
3205
3121
2992
2863
2688
2524
2318
2125
1914
1719
1515
1316
1123
956
807
688
598
549
528
526
566
631
739
868
1038
1215
1407
1615
1810
2006
2211
2406
2607
2768
2922
3055
3166
3226
3251
3255
3203
3123
2993
2862
2690
2519
2318
2121
1911
1721
1514
1317
1123
953
810
688
594
548
523
526
570
631
741
865
1038
1216
1408
1613
1810
2003
2213
2407
2598
2767
2921
3054
3167
3226
3259
3250
3206
3123
2994
2864
2683
2516
2314
2117
1917
1721
1514
1319
1126
955
807
688
597
547
524
524
566
631
741
866
1040
1216
1408
1612
1812
2007
2215
2410
2603
2770
2924
3056
3169
3222
3257
3249
3202
3121
2993
2863
2686
2517
2320
2123
1915
1718
1513
1312
1125
950
807
688
595
545
527
527
565
630
739
865
1040
1216
1407
1607
1810
2005
2211
2406
2604
2768
2922
3055
3165
3225
3253
3254
3205
3122
2998
2864
2688
2517
2317
2122
1917
1719
1513
1315
1130
956
810
688
595
551
526
525
567
632
739
866
1040
1216
1410
1606
1811
2005
2215
2410
2603
2768
2924
3055
3159
3225
3257
3253
3203
3120
2995
2864
2688
2514
2319
2120
1915
1722
1511
1315
1126
954
807
688
596
548
524
527
567
635
741
865
1038
1213
1406
1611
1812
2006
2211
2410
2600
2768
2919
3055
3165
3226
3259
3251
3201
3122
2992
2864
2689
2519
2315
2123
1911
1721
1515
1315
1123
952
807
688
592
549
527
526
565
630
741
865
1040
1216
1409
1609
1813
2010
2213
2409
2603
2768
2925
3056
3165
3223
3253
3249
3203
3121
2996
2862
2687
2518
2318
2124
1914
1723
1514
1314
1127
949
811
688
595
548
527
526
563
631
743
866
1041
1215
1407
1613
1811
2003
2210
2407
2601
2768
2925
3054
3166
3226
3255
3253
3202
3123
2992
2862
2688
2517
2320
2121
1913
1722
1515
1319
1125
954
809
688
592
545
525
527
565
629
739
863
1039
1217
1406
1615
1810
2007
2211
2414
2605
2768
2923
3056
3167
3223
3260
3253
3205
3121
2992
2864
2688
2519
2319
2126
1914
1723
1514
1317
1129
954
810
688
592
550
527
527
567
630
738
861
1040
1216
1405
1611
1814
2007
2211
2409
2603
2768
2922
3055
3165
3223
3255
3254
3211
3122
2995
2863
2688
2518
2318
2123
1915
1721
1516
1312
1127
953
810
687
595
546
525
527
569
632
740
864
1036
1216
1407
1610
1811
2002
2209
2409
2601
2767
2923
3057
3164
3226
3257
3257
3203
3127
2994
2864
2689
2523
2319
2123
1914
1722
1513
1314
1122
955
807
689
595
546
522
528
564
631
738
864
1038
1216
1408
1610
1811
2005
2211
2406
2602
2769
2919
3056
3167
3223
3253
3255
3201
3125
2994
2861
2687
2518
2320
2123
1917
1722
1514
1312
1126
954
813
688
597
547
525
528
565
631
739
866
1038
1217
1408
1611
1815
2009
2214
2411
2602
2768
2923
3055
3162
3222
3258
3258
3202
3120
2994
2863
2686
2521
2318
2124
1917
1721
1513
1316
1123
951
811
688
592
546
528
527
569
630
740
865
1039
1216
1407
1613
1811
2006
2213
2408
2601
2771
2919
3056
3162
3222
3258
3251
3206
3127
2995
2864
2688
2521
2317
2125
1915
1719
1515
1317
1126
954
810
688
594
545
526
527
566
629
742
864
1040
1214
1406
1613
1810
2005
2213
2405
2603
2768
2926
3055
3165
3222
3258
3251
3201
3123
2994
2863
2688
2514
2318
2121
1918
1725
1516
1317
1122
950
806
688
592
550
528
527
565
634
740
869
1040
1216
1408
1612
1814
2009
2210
2410
2599
2770
2919
3054
3166
3223
3255
3251
3202
3120
2993
2864
2689
2517
2319
2123
1917
1719
1514
1317
1126
956
807
689
594
551
527
527
566
631
739
863
1040
1215
1409
1615
1811
2010
2213
2408
2605
2768
2923
3054
3164
3222
3258
3255
3205
3121
2994
2863
2688
2518
2318
2125
1913
1718
1514
1315
1127
951
811
688
593
546
526
523
565
629
741
862
1038
1215
1406
1611
1811
2013
2212
2407
2603
2767
2922
3054
3164
3225
3261
3253
3207
3121
2993
2861
2688
2522
2318
2119
1913
1718
1511
1321
1122
955
814
688
597
549
525
528
567
633
740
863
1040
1216
1408
1610
1810
2005
2211
2411
2605
2768
2919
3056
3165
3227
3255
3255
3204
3123
2995
2864
2689
2515
2318
2118
1918
1720
1517
1314
1127
950
807
688
592
547
527
527
563
629
741
869
1040
1215
1408
1611
1815
2003
2211
2411
2606
2768
2921
3056
3165
3225
3255
3254
3206
3124
2994
2863
2687
2522
2320
2126
1915
1723
1515
1313
1123
954
813
688
597
551
526
528
565
633
737
864
1040
1215
1408
1611
1811
2006
2213
2410
2604
2768
2919
3054
3163
3225
3255
3253
3205
3120
2995
2864
2688
2522
2317
2122
1917
1719
1515
1315
1127
954
809
687
594
550
523
526
563
630
743
862
1037
1217
1408
1616
1813
2007
2211
2405
2600
2766
2921
3053
3166
3223
3255
3257
3205
3122
2995
2864
2685
2517
2317
2122
1914
1715
1511
1315
1123
955
807
688
594
549
525
511
570
634
739
867
1038
1215
1409
1611
1811
2007
2212
2407
2599
2768
2923
3055
3163
3223
3252
3253
3204
3123
2994
2863
2686
2522
2318
2125
1917
1717
1514
1317
1125
950
807
688
596
550
525
528
567
633
739
865
1040
1214
1408
1615
1811
2012
2212
2410
2602
2770
2919
3054
3166
3226
3257
3251
3207
3122
2994
2862
2687
2521
2320
2122
1919
1719
1515
1314
1126
957
809
687
594
549
528
525
566
630
738
867
1040
1216
1408
1612
1811
2007
2210
2405
2599
2767
2921
3056
3168
3221
3254
3252
3200
3123
2994
2864
2688
2519
2319
2119
1919
1719
1514
1313
1126
956
811
688
594
549
524
527
567
634
741
862
1040
1217
1406
1611
1810
2006
2212
2410
2601
2768
2922
3055
3165
3222
3259
3251
3202
3122
2995
2861
2688
2515
2318
2121
1911
1719
1511
1317
1125
953
805
686
592
551
527
527
565
632
739
865
1040
1213
1406
1611
1810
2006
2214
2410
2599
2768
2922
3054
3159
3226
3258
3251
3205
3121
2993
2864
2690
2515
2320
2119
1914
1719
1517
1317
1131
954
807
688
593
547
525
528
566
630
739
863
1040
1218
1407
1615
1814
2005
2212
2410
2605
2768
2919
3053
3163
3226
3253
3249
3203
3120
2992
2864
2688
2518
2320
2117
1911
1717
1514
1318
1125
955
808
688
596
549
528
528
567
630
742
863
1038
1215
1403
1611
1813
2010
2214
2409
2603
2768
2922
3056
3166
3226
3251
3251
3202
3126
2994
2859
2687
2522
2317
2123
1914
1719
1514
1315
1125
953
809
688
596
547
511
527
567
635
739
864
1040
1216
1407
1613
1810
2006
2213
2407
2603
2768
2922
3056
3162
3226
3257
3256
3203
3122
2997
2864
2687
2517
2320
2124
1917
1722
1515
1316
1123
955
808
688
595
550
525
528
571
629
740
865
1040
1216
1403
1613
1810
2003
2214
2410
2606
2768
2922
3055
3162
3227
3258
3254
3202
3123
2994
2864
2686
2518
2319
2124
1917
1719
1515
1318
1129
953
809
686
596
547
527
528
566
634
739
864
1040
1216
1408
1610
1815
2010
2213
2409
2602
2769
2922
3056
3165
3225
3255
3253
3201
3120
2992
2862
2686
2521
2320
2121
1914
1718
1515
1316
1127
954
810
688
596
547
524
526
569
631
740
864
1040
1216
1408
1611
1813
2007
2213
2409
2606
2768
2923
3055
3166
3226
3255
3257
3202
3120
2996
2864
2688
2519
2320
2125
1914
1719
1514
1314
1123
951
805
688
594
547
523
527
569
631
738
867
1040
1216
1408
1611
1811
2001
2209
2407
2599
2768
2923
3056
3162
3225
3253
3253
3202
3121
2996
2864
2687
2516
2320
2126
1916
1719
1515
1315
1125
955
807
688
593
549
524
528
566
631
743
866
1038
1214
1405
1611
1810
2002
2213
2407
2604
2768
2923
3055
3165
3223
3257
3251
3205
3123
2993
2865
2688
2519
2315
2124
1915
1723
1517
1315
1122
958
807
688
597
553
527
525
569
631
738
863
1040
1216
1409
1614
1809
2003
2212
2410
2598
2769
2921
3055
3163
3223
3250
3253
3205
3121
2997
2863
2687
2521
2320
2118
1918
1722
1515
1313
1127
955
810
688
592
551
526
527
567
627
741
867
1038
1216
1407
1611
1809
2008
2214
2409
2599
2768
2919
3055
3163
3227
3259
3250
3203
3123
2992
2862
2687
2519
2319
2123
1917
1718
1515
1314
1126
957
807
687
594
550
511
528
565
630
739
864
1037
1216
1405
1613
1813
2009
2210
2410
2604
2768
2921
3055
3164
3223
3255
3257
3204
3120
2992
2863
2688
2521
2315
2123
1914
1719
1515
1313
1128
953
809
688
596
549
527
525
570
631
740
862
1040
1216
1407
1607
1810
2007
2210
2407
2608
2769
2923
3056
3167
3222
3258
3253
3203
3123
2997
2862
2688
2517
2319
2121
1915
1723
1511
1317
1123
949
812
688
594
551
523
528
567
635
741
867
1038
1215
1406
1609
1815
2007
2209
2411
2602
2768
2919
3056
3164
3229
3254
3255
3206
3120
2994
2864
2688
2517
2320
2122
1915
1718
1515
1314
1123
951
807
688
597
547
526
528
567
630
747
864
1041
1215
1408
1612
1808
2005
2210
2404
2603
2768
2922
3056
3163
3227
3255
3255
3204
3122
2996
2864
2688
2521
2320
2127
1915
1721
1517
1318
1127
956
809
688
598
550
527
528
567
629
742
862
1040
1214
1408
1609
1815
2006
2214
2411
2605
2769
2925
3055
3166
3226
3258
3253
3205
3120
2997
2864
2688
2518
2318
2124
1914
1719
1514
1317
1126
953
806
687
594
549
525
527
566
631
740
865
1038
1214
1403
1613
1815
2009
2210
2409
2603
2768
2927
3056
3167
3230
3254
3255
3203
3120
2994
2864
2687
2521
2319
2121
1912
1718
1514
1313
1127
951
810
687
595
549
528
528
569
630
739
866
1040
1215
1407
1611
1813
2005
2211
2410
2601
2768
2919
3056
3163
3221
3257
3253
3204
3121
2994
2864
2688
2519
2318
2123
1915
1725
1514
1317
1123
955
807
689
593
551
523
527
566
633
741
866
1040
1215
1407
1614
1811
2009
2213
2410
2604
2768
2925
3056
3166
3226
3255
3254
3205
3123
2996
2864
2687
2519
2319
2124
1915
1722
1517
1317
1126
954
809
688
598
547
526
528
565
634
743
863
1039
1214
1407
1611
1811
2005
2210
2410
2605
2768
2922
3054
3167
3225
3255
3253
3211
3121
2996
2863
2686
2519
2319
2123
1917
1722
1518
1317
1125
955
807
688
597
547
528
527
570
634
740
863
1039
1216
1408
1613
1812
2007
2214
2413
2601
2768
2922
3051
3166
3223
3255
3250
3206
3121
2992
2864
2688
2519
2318
2122
1915
1715
1511
1316
1125
953
808
688
597
548
525
527
562
634
739
865
1040
1214
1407
1614
1814
2006
2213
2410
2599
2768
2925
3059
3167
3223
3255
3251
3207
3120
2997
2863
2688
2518
2320
2121
1916
1719
1515
1314
1122
954
812
688
597
551
527
526
563
631
743
862
1040
1214
1407
1613
1813
2009
2213
2411
2602
2768
2922
3055
3169
3226
3255
3253
3203
3121
2995
2864
2689
2519
2320
2119
1911
1723
1513
1316
1126
955
806
687
598
549
525
523
566
629
741
863
1040
1216
1408
1612
1810
2007
2213
2411
2605
2768
2925
3056
3167
3219
3255
3255
3203
3124
2995
2864
2685
2515
2317
2119
1913
1719
1515
1318
1125
953
811
688
598
550
524
528
565
629
737
862
1040
1216
1405
1609
1810
2002
2211
2409
2596
2770
2923
3055
3167
3229
3255
3254
3203
3120
2992
2861
2687
2518
2318
2123
1915
1723
1514
1315
1126
958
809
687
593
550
526
528
565
634
743
865
1039
1214
1407
1611
1813
2005
2213
2409
2603
2768
2922
3055
3164
3225
3254
3251
3202
3120
2993
2864
2688
2518
2316
2122
1913
1719
1511
1318
1130
950
809
688
593
548
527
527
566
630
739
861
1040
1215
1408
1611
1811
2009
2215
2411
2602
2768
2921
3055
3163
3222
3257
3257
3205
3123
2995
2863
2688
2519
2320
2123
1914
1722
1515
1316
1126
954
807
687
593
551
525
524
569
630
739
867
1039
1213
1409
1610
1811
2007
2214
2411
2606
2768
2921
3054
3164
3223
3255
3254
3206
3123
2995
2864
2689
2518
2320
2119
1917
1718
1515
1313
1127
955
808
688
594
547
524
528
567
631
742
861
1037
1213
1408
1613
1809
2006
2215
2407
2605
2768
2922
3055
3165
3226
3253
3255
3205
3124
2997
2864
2688
2519
2320
2123
1914
1722
1515
1313
1125
954
807
688
597
551
528
528
569
634
737
866
1040
1214
1408
1613
1811
2005
2215
2410
2603
2768
2921
3056
3163
3225
3253
3255
3209
3122
2992
2864
2688
2518
2320
2119
1914
1718
1514
1317
1126
955
809
688
592
546
526
528
570
633
741
864
1040
1216
1406
1610
1813
2005
2213
2407
2601
2768
2922
3055
3163
3225
3255
3253
3200
3122
2992
2864
2686
2518
2317
2121
1918
1719
1511
1314
1125
951
809
688
595
549
526
526
567
635
743
865
1041
1216
1408
1610
1810
2002
2213
2407
2603
2768
2925
3054
3165
3221
3255
3255
3202
3123
2995
2861
2688
2519
2317
2123
1911
1718
1514
1316
1125
950
810
687
593
547
526
525
566
633
738
866
1040
1212
1407
1613
1815
2007
2216
2409
2606
2768
2919
3054
3162
3226
3252
3253
3207
3123
2994
2863
2688
2519
2318
2121
1914
1719
1511
1316
1126
955
808
688
595
550
524
525
566
632
743
863
1039
1214
1408
1614
1811
2007
2213
2403
2604
2768
2923
3055
3163
3225
3255
3258
3203
3122
2993
2864
2686
2518
2320
2123
1914
1719
1516
1317
1125
953
811
688
595
551
526
528
565
631
741
865
1040
1216
1405
1611
1812
2005
2211
2409
2601
2768
2921
3055
3163
3227
3259
3253
3201
3125
2995
2863
2689
2516
2316
2122
1917
1718
1513
1317
1126
957
810
688
597
551
511
523
567
635
739
866
1037
1214
1408
1608
1809
2006
2215
2411
2605
2768
2925
3056
3165
3230
3254
3254
3209
3123
2994
2864
2687
2518
2317
2121
1915
1721
1517
1315
1125
951
807
688
593
547
525
527
565
635
743
866
1039
1215
1407
1610
1813
2005
2213
2406
2601
2769
2923
3056
3169
3227
3254
3253
3201
3123
2993
2863
2688
2519
2319
2119
1911
1717
1517
1314
1126
955
810
687
597
549
523
527
569
633
741
864
1039
1217
1404
1612
1810
2006
2211
2411
2601
2768
2921
3056
3166
3223
3260
3250
3203
3121
2995
2862
2689
2517
2320
2122
1917
1722
1514
1312
1126
954
811
688
596
548
524
524
570
629
742
862
1040
1213
1407
1610
1811
2007
2212
2410
2601
2768
2922
3055
3166
3223
3255
3254
3203
3121
2993
2863
2685
2519
2320
2124
1915
1722
1517
1317
1127
955
807
688
597
550
526
528
568
631
738
866
1041
1219
1409
1611
1814
2007
2214
2407
2603
2768
2919
3051
3165
3223
3258
3257
3206
3126
2995
2861
2685
2516
2317
2122
1914
1719
1515
1317
1125
955
811
688
594
547
522
528
565
633
744
863
1040
1216
1408
1612
1813
2007
2213
2411
2605
2768
2923
3055
3163
3223
3259
3250
3203
3125
2992
2863
2687
2518
2319
2122
1910
1722
1515
1314
1127
953
809
688
594
547
526
528
564
629
739
867
1037
1217
1408
1613
1813
2007
2212
2406
2602
2767
2923
3055
3165
3222
3257
3253
3205
3122
2994
2861
2690
2519
2317
2122
1915
1721
1517
1315
1123
954
808
688
599
549
525
526
565
627
742
866
1040
1213
1408
1612
1814
2009
2213
2409
2601
2768
2922
3056
3166
3226
3254
3255
3205
3126
2995
2862
2688
2521
2318
2119
1915
1718
1515
1315
1125
954
809
688
595
550
525
526
566
633
738
865
1040
1215
1407
1613
1813
2003
2214
2413
2601
2769
2923
3054
3166
3224
3255
3253
3200
3123
2996
2864
2688
2520
2320
2122
1915
1718
1516
1315
1125
958
809
688
593
550
526
526
564
634
739
863
1041
1216
1406
1610
1815
2007
2211
2403
2604
2768
2925
3055
3162
3222
3255
3253
3201
3125
2992
2864
2688
2518
2318
2123
1916
1716
1515
1314
1127
955
807
686
595
550
528
528
567
634
739
867
1040
1216
1407
1613
1811
2005
2213
2409
2603
2767
2921
3051
3162
3227
3257
3254
3200
3121
2994
2862
2688
2515
2318
2119
1918
1722
1513
1315
1125
957
809
685
595
548
525
526
563
634
740
863
1039
1216
1408
1615
1814
2007
2212
2406
2601
2769
2922
3054
3166
3229
3257
3250
3201
3126
2994
2863
2688
2518
2319
2124
1917
1721
1515
1314
1126
953
807
687
598
548
525
528
570
631
738
865
1039
1210
1408
1614
1813
2010
2213
2409
2601
2768
2922
3054
3164
3227
3255
3249
3204
3120
2997
2861
2687
2519
2317
2125
1915
1717
1517
1317
1125
955
807
686
596
549
526
526
570
630
737
867
1037
1214
1407
1612
1812
2005
2209
2406
2604
2768
2918
3051
3163
3223
3255
3251
3206
3120
2993
2863
2683
2516
2317
2121
1918
1723
1515
1317
1126
958
807
685
594
550
524
527
566
631
741
864
1040
1215
1407
1613
1810
2007
2213
2409
2603
2768
2919
3055
3163
3221
3257
3253
3206
3123
2992
2863
2689
2517
2317
2122
1916
1721
1515
1317
1121
955
809
688
592
551
524
528
567
633
743
861
1039
1216
1407
1613
1812
2006
2214
2410
2605
2769
2923
3053
3157
3222
3255
3254
3207
3125
2992
2864
2689
2518
2320
2122
1915
1719
1518
1317
1125
955
810
688
597
549
527
528
567
629
738
865
1038
1216
1408
1612
1811
2010
2210
2410
2603
2769
2923
3056
3164
3221
3255
3258
3201
3123
2997
2863
2687
2518
2319
2122
1917
1719
1514
1316
1127
953
807
686
593
548
525
528
566
631
739
862
1040
1215
1408
1613
1811
2005
2213
2409
2603
2768
2921
3056
3167
3227
3257
3253
3203
3123
2996
2864
2689
2518
2317
2119
1914
1716
1515
1315
1128
951
809
690
595
551
525
528
566
630
742
867
1040
1215
1407
1613
1813
2003
2213
2407
2603
2769
2921
3056
3165
3226
3254
3252
3207
3124
2997
2862
2686
2519
2317
2123
1914
1718
1518
1317
1125
955
810
687
594
546
525
527
565
631
741
863
1040
1215
1408
1610
1810
2007
2209
2405
2603
2767
2923
3056
3165
3226
3255
3254
3206
3125
2995
2864
2688
2522
2318
2128
1914
1721
1515
1313
1125
957
809
688
597
553
525
528
569
630
739
865
1040
1218
1408
1613
1811
2005
2212
2411
2603
2769
2923
3055
3166
3225
3255
3249
3207
3124
2995
2864
2687
2522
2317
2121
1915
1719
1511
1318
1129
954
812
688
593
548
526
528
567
634
740
863
1038
1216
1407
1613
1813
2005
2211
2413
2601
2769
2925
3056
3163
3223
3253
3255
3203
3122
2992
2864
2690
2519
2318
2119
1917
1723
1515
1315
1123
954
810
687
594
549
528
523
569
630
738
867
1040
1215
1408
1614
1813
2006
2214
2409
2604
2768
2925
3056
3165
3226
3253
3253
3203
3121
2992
2864
2689
2517
2317
2123
1916
1721
1513
1315
1125
954
809
686
596
549
525
528
563
638
739
866
1040
1215
1407
1615
1808
2007
2210
2413
2599
2768
2925
3056
3159
3225
3254
3253
3204
3121
2992
2865
2686
2517
2320
2121
1915
1723
1514
1314
1123
955
805
687
597
551
526
525
567
636
738
865
1040
1216
1407
1610
1811
2002
2211
2409
2599
2770
2924
3054
3166
3221
3251
3252
3205
3125
2998
2864
2687
2519
2319
2120
1916
1721
1516
1315
1125
953
806
688
594
550
526
528
566
630
739
864
1040
1217
1403
1614
1810
2007
2210
2407
2604
2768
2921
3053
3164
3227
3261
3255
3202
3120
2992
2863
2688
2515
2319
2125
1919
1719
1514
1318
1130
953
811
688
593
549
526
528
569
631
738
863
1040
1216
1407
1610
1812
2005
2213
2409
2605
2766
2923
3053
3164
3222
3253
3252
3203
3120
2997
2864
2685
2516
2320
2119
1916
1720
1516
1316
1122
951
809
688
594
548
526
526
564
627
739
866
1040
1216
1407
1614
1811
2006
2209
2407
2601
2768
2918
3055
3165
3222
3253
3252
3206
3123
2995
2864
2688
2515
2319
2125
1917
1718
1515
1317
1129
950
812
688
596
549
527
528
567
635
736
865
1041
1213
1406
1610
1813
2005
2212
2410
2599
2769
2923
3056
3163
3223
3253
3250
3205
3124
2992
2864
2688
2521
2314
2123
1916
1721
1515
1318
1122
957
807
682
595
550
526
525
563
629
739
864
1039
1215
1409
1611
1814
2010
2211
2409
2602
2770
2922
3056
3161
3223
3254
3252
3201
3122
2994
2863
2686
2523
2320
2118
1915
1718
1514
1315
1125
957
806
687
595
550
526
523
565
631
739
868
1040
1215
1407
1610
1810
2005
2210
2407
2599
2768
2919
3054
3164
3226
3254
3255
3204
3120
2992
2862
2687
2516
2318
2123
1916
1719
1515
1316
1125
954
811
688
597
546
528
528
563
635
739
866
1040
1216
1409
1611
1811
2006
2213
2409
2601
2768
2922
3054
3162
3226
3257
3251
3207
3120
2993
2864
2684
2515
2317
2121
1913
1719
1512
1317
1129
954
808
685
596
546
526
526
570
631
739
861
1042
1216
1406
1614
1811
2005
2211
2413
2599
2768
2922
3056
3163
3223
3254
3251
3205
3120
2994
2864
2688
2517
2320
2121
1917
1723
1515
1317
1127
953
807
688
595
550
526
523
570
631
741
866
1040
1216
1407
1609
1813
2006
2212
2411
2602
2768
2922
3055
3166
3222
3253
3254
3205
3121
2992
2863
2688
2517
2320
2125
1914
1721
1512
1315
1129
956
809
688
595
555
525
528
566
629
737
863
1039
1216
1408
1610
1813
2007
2211
2409
2599
2768
2923
3054
3164
3222
3255
3255
3206
3124
2995
2863
2686
2517
2318
2119
1918
1719
1518
1317
1126
951
810
688
598
549
522
528
565
632
741
866
1040
1214
1406
1611
1813
2010
2213
2410
2599
2768
2922
3054
3166
3227
3257
3251
3206
3122
2993
2862
2688
2518
2319
2122
1914
1719
1516
1315
1129
953
809
688
593
551
526
528
569
630
739
864
1037
1215
1408
1611
1809
2006
2209
2413
2603
2768
2922
3055
3168
3229
3255
3253
3207
3126
2997
2864
2687
2515
2318
2123
1916
1722
1514
1316
1125
953
811
685
594
546
511
528
566
627
741
865
1040
1216
1409
1612
1813
2007
2213
2411
2607
2770
2921
3056
3165
3220
3254
3251
3205
3123
2993
2863
2685
2519
2319
2121
1918
1717
1515
1317
1126
955
810
688
595
548
527
527
566
631
742
862
1039
1216
1407
1611
1814
2009
2214
2411
2599
2768
2922
3055
3166
3221
3251
3255
3205
3123
2993
2863
2687
2518
2320
2122
1915
1719
1515
1317
1126
951
808
688
595
547
525
528
567
631
741
864
1039
1216
1408
1613
1814
2011
2212
2407
2601
2768
2922
3055
3163
3221
3259
3254
3204
3122
2992
2864
2688
2517
2319
2119
1911
1719
1515
1313
1126
954
810
688
595
547
523
528
568
635
739
865
1037
1215
1407
1613
1818
2007
2213
2408
2601
2769
2923
3056
3162
3221
3261
3251
3207
3120
2995
2862
2687
2517
2319
2123
1916
1721
1518
1316
1127
953
810
688
593
550
526
526
567
633
740
866
1037
1216
1407
1614
1814
2003
2213
2411
2601
2768
2922
3056
3164
3223
3258
3257
3203
3123
2996
2865
2687
2517
2319
2118
1915
1717
1514
1314
1125
953
810
685
594
552
527
526
570
630
738
863
1039
1216
1407
1613
1813
2003
2211
2410
2602
2768
2921
3055
3163
3222
3258
3252
3200
3121
2993
2864
2689
2521
2320
2122
1917
1721
1514
1318
1126
954
812
688
595
549
526
527
566
631
739
865
1040
1215
1405
1612
1812
2007
2213
2405
2602
2766
2918
3056
3164
3219
3255
3254
3205
3123
2996
2859
2688
2519
2319
2122
1917
1717
1518
1317
1123
953
807
688
593
550
511
528
567
631
742
865
1039
1216
1407
1609
1811
2006
2211
2408
2605
2768
2922
3049
3162
3222
3250
3250
3206
3123
2994
2865
2686
2515
2320
2127
1913
1719
1518
1317
1124
951
809
686
595
551
525
528
563
629
741
865
1040
1216
1406
1613
1811
2006
2211
2410
2604
2769
2925
3056
3165
3225
3255
3251
3202
3120
2994
2863
2687
2519
2319
2119
1917
1717
1513
1315
1125
953
811
688
594
547
525
528
563
634
743
863
1040
1216
1406
1613
1813
2010
2210
2407
2602
2768
2926
3054
3165
3221
3259
3251
3206
3121
2996
2863
2687
2519
2318
2124
1913
1717
1515
1314
1125
954
810
688
594
546
525
528
566
638
739
863
1040
1215
1407
1610
1817
2006
2211
2407
2601
2768
2923
3056
3166
3227
3259
3255
3200
3120
2994
2863
2687
2521
2318
2118
1913
1722
1510
1315
1127
957
807
688
595
551
511
527
566
631
739
862
1040
1214
1404
1611
1810
2006
2212
2407
2599
2768
2925
3056
3165
3229
3254
3251
3207
3122
2997
2864
2687
2518
2320
2122
1913
1718
1516
1314
1130
956
807
688
595
550
526
526
567
631
740
866
1040
1213
1408
1610
1814
2005
2213
2407
2600
2768
2918
3052
3163
3218
3254
3252
3202
3121
2994
2864
2686
2519
2320
2122
1917
1719
1513
1315
1125
955
810
688
598
546
511
528
567
630
739
863
1040
1214
1406
1611
1813
2010
2211
2411
2603
2768
2922
3055
3167
3223
3255
3251
3203
3122
2995
2864
2687
2518
2320
2118
1915
1718
1514
1314
1123
954
809
688
595
547
527
528
566
630
743
865
1040
1215
1405
1610
1812
2007
2210
2413
2603
2768
2924
3056
3165
3226
3255
3259
3205
3123
2995
2863
2690
2519
2317
2122
1914
1719
1517
1316
1126
953
811
688
593
549
527
528
571
630
742
859
1040
1217
1407
1613
1814
2006
2214
2409
2601
2768
2924
3051
3163
3225
3255
3250
3203
3121
2994
2864
2688
2519
2319
2123
1915
1719
1515
1317
1126
955
807
688
592
549
527
527
565
631
737
865
1040
1215
1407
1610
1811
2007
2209
2406
2602
2768
2923
3055
3166
3222
3259
3255
3206
3125
2995
2862
2688
2519
2320
2119
1918
1719
1515
1314
1125
954
810
688
594
549
525
528
565
635
738
864
1038
1215
1407
1611
1810
2003
2210
2406
2600
2767
2921
3056
3162
3223
3254
3254
3203
3123
2995
2864
2688
2523
2319
2123
1913
1717
1515
1315
1123
948
811
688
594
546
511
528
565
635
742
863
1040
1212
1407
1609
1811
2009
2214
2411
2602
2769
2923
3056
3165
3226
3257
3253
3206
3123
2995
2864
2690
2518
2318
2122
1917
1720
1514
1313
1126
957
810
688
593
548
511
528
565
633
738
863
1037
1216
1407
1613
1814
2006
2210
2410
2605
2768
2917
3056
3162
3223
3253
3257
3205
3123
2992
2863
2687
2518
2320
2121
1917
1718
1515
1314
1125
957
807
688
595
547
525
528
565
630
738
863
1039
1215
1408
1613
1810
2005
2210
2409
2603
2768
2922
3056
3165
3227
3257
3251
3200
3124
2996
2864
2689
2517
2315
2119
1914
1718
1514
1314
1126
954
808
688
595
547
511
528
565
630
738
862
1040
1215
1407
1610
1813
2010
2211
2407
2603
2768
2922
3055
3167
3222
3255
3253
3204
3122
2997
2861
2688
2517
2319
2122
1914
1718
1517
1315
1129
951
811
685
594
547
525
528
564
633
739
863
1040
1216
1406
1609
1811
2007
2212
2406
2603
2768
2923
3055
3166
3227
3254
3253
3206
3126
2996
2861
2686
2519
2320
2122
1914
1719
1515
1317
1126
955
807
688
596
546
525
528
570
631
741
864
1036
1217
1408
1610
1810
2006
2215
2407
2599
2768
2919
3056
3163
3220
3255
3254
3203
3120
2993
2861
2687
2517
2319
2124
1913
1718
1514
1318
1126
955
812
688
594
550
526
527
571
635
740
863
1038
1214
1405
1609
1814
2006
2214
2411
2604
2768
2921
3055
3167
3225
3258
3256
3206
3121
2996
2865
2687
2517
2320
2122
1917
1722
1515
1316
1125
951
809
688
595
550
526
528
565
630
739
862
1038
1215
1407
1615
1813
2005
2212
2410
2603
2767
2923
3055
3163
3222
3254
3253
3206
3125
2995
2861
2683
2517
2318
2119
1914
1719
1513
1314
1129
956
809
688
595
549
526
527
566
629
742
866
1037
1216
1407
1615
1813
2007
2217
2407
2601
2768
2921
3052
3166
3222
3257
3250
3202
3121
2998
2864
2689
2519
2320
2120
1917
1719
1515
1317
1126
954
808
688
593
550
525
523
565
633
738
866
1040
1215
1407
1610
1810
2005
2211
2410
2601
2768
2921
3055
3164
3227
3255
3255
3203
3122
2992
2863
2688
2519
2320
2122
1915
1723
1518
1313
1123
958
809
688
595
547
511
525
566
634
741
863
1040
1216
1409
1613
1813
2007
2214
2410
2603
2769
2922
3055
3163
3225
3255
3253
3200
3121
2995
2865
2688
2518
2318
2123
1917
1719
1515
1315
1125
955
807
688
595
551
511
528
567
634
740
866
1039
1215
1407
1614
1814
2010
2210
2411
2605
2769
2923
3051
3163
3223
3261
3259
3202
3124
2992
2864
2687
2522
2320
2124
1919
1722
1513
1317
1127
953
811
686
595
548
526
528
567
631
741
863
1039
1215
1411
1613
1812
2007
2210
2406
2600
2768
2922
3053
3163
3222
3259
3255
3203
3122
2992
2863
2687
2519
2318
2119
1914
1719
1513
1318
1126
955
809
689
594
550
526
525
562
628
737
863
1040
1213
1408
1613
1809
2007
2213
2410
2602
2768
2921
3055
3164
3223
3255
3254
3205
3121
2994
2863
2685
2519
2317
2122
1914
1721
1510
1317
1126
954
807
688
595
550
523
528
566
628
739
863
1039
1216
1407
1613
1812
2009
2210
2406
2599
2768
2919
3054
3163
3223
3255
3250
3207
3121
2993
2863
2688
2518
2319
2122
1914
1717
1514
1315
1126
955
805
686
593
550
526
528
563
629
737
861
1040
1215
1406
1607
1810
2005
2211
2409
2604
2768
2919
3056
3162
3221
3258
3258
3201
3122
2995
2864
2688
2519
2319
2121
1915
1719
1513
1317
1126
956
810
688
598
550
511
526
565
634
742
864
1040
1215
1410
1612
1813
2004
2213
2410
2605
2768
2923
3056
3167
3223
3258
3250
3205
3122
2993
2864
2688
2515
2317
2123
1919
1718
1516
1317
1125
950
815
689
595
553
528
528
567
633
739
862
1040
1216
1407
1613
1811
2007
2211
2410
2599
2768
2922
3054
3165
3222
3254
3254
3206
3120
2992
2864
2689
2517
2319
2119
1914
1721
1518
1319
1125
954
810
689
595
548
525
528
569
629
741
865
1039
1216
1407
1611
1813
2006
2215
2410
2605
2768
2923
3056
3163
3226
3259
3251
3207
3123
2995
2864
2687
2514
2320
2125
1913
1723
1518
1319
1123
957
806
688
597
546
522
528
565
635
741
863
1040
1216
1406
1611
1815
2004
2213
2410
2603
2768
2925
3056
3163
3225
3254
3252
3201
3120
2992
2863
2685
2520
2317
2117
1917
1719
1513
1314
1126
954
807
688
593
550
527
527
567
630
741
867
1039
1215
1407
1612
1812
2007
2214
2407
2603
2768
2923
3056
3168
3221
3254
3251
3203
3122
2997
2864
2685
2518
2320
2119
1914
1717
1515
1319
1123
955
810
688
594
549
527
528
566
632
740
862
1039
1214
1406
1615
1813
2007
2212
2405
2601
2768
2923
3056
3162
3223
3259
3255
3203
3123
2997
2864
2688
2518
2317
2121
1913
1722
1513
1318
1129
953
809
688
596
549
528
527
567
629
739
862
1040
1215
1405
1614
1811
2003
2209
2407
2602
2768
2922
3056
3159
3219
3251
3255
3203
3120
2995
2864
2688
2517
2318
2123
1915
1721
1518
1314
1125
954
807
688
595
546
523
528
567
632
737
864
1040
1219
1404
1614
1812
2007
2213
2405
2601
2768
2923
3056
3166
3223
3256
3253
3205
3126
2997
2867
2690
2517
2319
2119
1916
1719
1515
1316
1123
956
811
688
595
548
523
528
569
630
739
864
1040
1215
1410
1611
1811
2007
2215
2410
2602
2769
2924
3053
3162
3222
3258
3250
3202
3122
2995
2864
2690
2515
2319
2123
1917
1719
1515
1314
1127
955
807
687
597
548
526
525
566
627
739
869
1040
1215
1407
1613
1813
2010
2211
2409
2604
2771
2925
3054
3162
3225
3254
3255
3209
3123
2996
2864
2688
2521
2317
2126
1917
1721
1513
1318
1126
955
811
688
594
547
523
527
565
631
741
867
1040
1216
1406
1612
1814
2007
2209
2413
2603
2767
2919
3055
3159
3222
3254
3255
3206
3123
2993
2864
2687
2517
2320
2119
1914
1718
1518
1317
1128
955
807
688
595
548
526
526
565
631
742
864
1039
1213
1408
1610
1814
2003
2214
2409
2598
2768
2919
3055
3164
3225
3254
3255
3201
3120
2996
2864
2687
2522
2320
2127
1913
1721
1514
1317
1125
955
810
688
596
546
527
528
567
633
741
866
1039
1215
1408
1611
1811
2006
2211
2409
2602
2767
2919
3054
3163
3226
3252
3258
3207
3122
2995
2864
2686
2518
2316
2119
1917
1719
1514
1312
1127
953
807
686
593
549
526
528
560
636
740
865
1040
1214
1407
1611
1811
2009
2211
2409
2601
2770
2922
3056
3163
3223
3257
3260
3200
3121
2993
2864
2688
2514
2319
2123
1917
1718
1514
1313
1129
955
811
688
595
547
525
528
564
631
740
865
1040
1215
1409
1613
1814
2009
2212
2409
2603
2768
2926
3055
3160
3220
3255
3254
3203
3121
2992
2859
2685
2517
2320
2122
1917
1718
1515
1315
1125
953
809
688
597
547
528
528
565
635
740
863
1037
1213
1408
1611
1815
2006
2212
2405
2606
2770
2925
3056
3165
3221
3258
3254
3202
3121
2996
2863
2686
2518
2319
2124
1915
1723
1517
1314
1127
957
808
687
599
545
525
525
568
630
736
865
1040
1214
1410
1615
1812
2005
2214
2411
2602
2768
2923
3056
3168
3223
3257
3254
3206
3125
2996
2862
2688
2521
2320
2126
1913
1723
1511
1311
1125
953
811
688
593
553
525
528
565
633
739
865
1040
1215
1407
1612
1810
2007
2208
2409
2602
2768
2923
3055
3167
3231
3258
3256
3210
3120
2994
2862
2688
2517
2318
2122
1913
1723
1518
1318
1126
955
807
688
592
550
511
528
564
633
740
870
1040
1217
1408
1613
1809
2009
2211
2407
2601
2768
2922
3056
3167
3225
3253
3251
3203
3120
2993
2861
2688
2521
2317
2119
1915
1718
1514
1315
1126
954
811
688
595
545
526
528
567
635
740
866
1041
1216
1406
1613
1810
2009
2214
2411
2602
2771
2921
3055
3163
3223
3255
3251
3202
3120
2992
2860
2688
2515
2320
2125
1914
1719
1516
1319
1124
955
810
688
594
545
527
528
566
631
740
865
1039
1216
1407
1611
1814
2007
2214
2410
2607
2768
2925
3056
3166
3228
3254
3255
3205
3123
2994
2864
2687
2523
2320
2119
1917
1719
1510
1318
1125
953
807
688
598
550
523
526
566
629
739
864
1039
1214
1407
1611
1812
2004
2213
2406
2602
2770
2922
3055
3165
3223
3257
3252
3209
3120
2994
2863
2687
2519
2320
2127
1919
1721
1518
1317
1127
954
810
688
593
546
525
525
570
633
743
864
1040
1214
1407
1613
1814
2007
2211
2407
2603
2768
2923
3056
3168
3223
3257
3255
3206
3122
2997
2861
2684
2518
2320
2122
1915
1718
1517
1319
1126
953
811
688
595
549
523
528
568
629
743
865
1041
1215
1407
1616
1813
2009
2208
2409
2605
2768
2924
3056
3164
3223
3253
3249
3201
3123
2994
2863
2688
2520
2319
2122
1915
1723
1513
1315
1125
958
807
688
597
551
526
528
566
633
741
864
1041
1213
1408
1610
1811
2007
2213
2407
2599
2768
2924
3055
3161
3227
3258
3255
3202
3125
2993
2862
2687
2520
2318
2122
1914
1720
1515
1314
1125
954
810
688
598
549
526
528
572
633
742
862
1040
1217
1408
1615
1813
2006
2212
2406
2603
2768
2921
3056
3163
3225
3259
3254
3204
3121
2994
2864
2686
2519
2318
2121
1917
1721
1518
1315
1125
953
811
688
595
550
527
528
566
635
739
863
1040
1216
1407
1614
1814
2006
2215
2411
2605
2769
2924
3056
3162
3225
3255
3253
3204
3121
2993
2863
2687
2519
2319
2123
1913
1723
1515
1313
1127
954
810
688
594
549
525
527
569
635
739
863
1040
1214
1406
1613
1811
2007
2213
2411
2602
2769
2919
3054
3167
3229
3254
3255
3206
3123
2995
2864
2688
2519
2320
2123
1914
1722
1513
1317
1124
953
811
687
594
549
523
523
570
632
741
865
1040
1215
1403
1612
1813
2006
2214
2411
2603
2769
2923
3056
3170
3225
3260
3258
3202
3122
2993
2862
2688
2519
2317
2122
1911
1718
1515
1314
1127
955
811
688
593
550
525
526
570
631
738
865
1040
1216
1406
1613
1809
2010
2210
2407
2603
2768
2922
3056
3163
3226
3258
3251
3206
3120
2996
2864
2689
2519
2320
2118
1913
1717
1515
1317
1125
956
812
688
595
547
525
523
567
635
740
863
1040
1216
1408
1613
1810
2005
2213
2407
2598
2769
2927
3051
3167
3225
3260
3251
3202
3120
2994
2860
2689
2518
2320
2123
1916
1721
1514
1315
1123
956
810
688
597
549
525
526
567
630
742
865
1040
1218
1406
1610
1812
2007
2213
2411
2603
2768
2922
3056
3165
3225
3261
3253
3203
3125
2994
2863
2688
2519
2320
2123
1916
1719
1514
1314
1124
953
807
683
594
547
526
525
570
629
741
862
1040
1213
1408
1610
1811
2009
2213
2407
2599
2768
2923
3056
3165
3223
3260
3249
3203
3123
2995
2862
2686
2517
2319
2123
1915
1717
1511
1318
1125
957
811
688
594
547
526
528
565
631
740
863
1039
1214
1407
1609
1813
2005
2211
2410
2598
2768
2923
3055
3163
3226
3255
3249
3205
3125
2995
2864
2688
2519
2319
2122
1917
1719
1515
1318
1133
951
809
688
595
549
528
528
567
631
741
863
1040
1216
1406
1613
1810
2003
2211
2410
2602
2768
2923
3056
3165
3222
3255
3255
3207
3122
2993
2864
2687
2519
2320
2123
1915
1722
1515
1317
1125
955
809
687
598
550
526
527
564
632
743
863
1039
1213
1409
1607
1814
2006
2214
2403
2602
2767
2924
3054
3165
3222
3260
3254
3206
3122
2995
2864
2687
2518
2319
2123
1918
1719
1518
1312
1127
954
807
688
595
550
511
526
563
631
739
864
1040
1215
1408
1615
1813
2005
2212
2410
2603
2769
2923
3055
3165
3223
3253
3257
3207
3120
2993
2864
2687
2516
2315
2122
1916
1718
1515
1313
1125
955
809
688
594
550
524
529
570
634
741
863
1038
1214
1407
1611
1811
# end
